Indoor_MinkUNeXt_gradients_pos_per_query12batch_size512_truncated_augonly_best_effects0.5pos0.7neg0.7voxel_size0.05height-0.25_20250306_0144 + epoch_ + 1, 0.41142318048572185, 0.37889717718836446, 0.6681070895117931, 0.4861424823952931, 88.6301901435778, 86.90166975881262, 74.88174077578051, 83.47120022605698, 96.85681024447031, 97.6252319109462, 93.04635761589404, 95.84279992377019
Indoor_MinkUNeXt_gradients_pos_per_query12batch_size512_truncated_augonly_best_effects0.5pos0.7neg0.7voxel_size0.05height-0.25_20250306_0144 + epoch_ + 10, 0.2726303479039486, 0.2962586790385524, 0.4814406752406276, 0.35010990072770953, 89.32867675591774, 92.35621521335807, 75.21286660359509, 85.63258619095696, 97.82693053938688, 99.66604823747682, 96.49952696310312, 97.99750191332227
Indoor_MinkUNeXt_gradients_pos_per_query12batch_size512_truncated_augonly_best_effects0.5pos0.7neg0.7voxel_size0.05height-0.25_20250306_0144 + epoch_ + 20, 0.23905554126569015, 0.26897182000652403, 0.5423698575006723, 0.3501324062576288, 90.22118742724098, 93.5064935064935, 74.03027436140019, 85.91931843171155, 97.55529685681024, 99.77736549165121, 94.79659413434248, 97.37641882760131
Indoor_MinkUNeXt_gradients_pos_per_query12batch_size512_truncated_augonly_best_effects0.5pos0.7neg0.7voxel_size0.05height-0.25_20250306_0144 + epoch_ + 30, 0.24077764075244054, 0.2626985539072306, 0.5000129675025509, 0.33449638738740733, 91.54055102832751, 94.35992578849721, 75.11825922421949, 87.00624534701474, 98.60302677532013, 99.66604823747682, 95.55345316934721, 97.94084272738138
Indoor_MinkUNeXt_gradients_pos_per_query12batch_size512_truncated_augonly_best_effects0.5pos0.7neg0.7voxel_size0.05height-0.25_20250306_0144 + epoch_ + 40, 0.22112056037005395, 0.2594317198720189, 0.44300286669659494, 0.3078517156462226, 91.11369809856423, 94.6938775510204, 74.83443708609272, 86.88067091189244, 98.21497865735351, 99.44341372912801, 95.88457899716177, 97.8476571278811
Indoor_MinkUNeXt_gradients_pos_per_query12batch_size512_truncated_augonly_best_effects0.5pos0.7neg0.7voxel_size0.05height-0.25_20250306_0144 + epoch_ + 50, 0.21391774268407424, 0.2614046363476451, 0.4322975568597266, 0.302539978630482, 91.0360884749709, 95.0278293135436, 77.05771050141911, 87.70720942997787, 98.21497865735351, 99.62894248608535, 96.21570482497634, 98.01987532280508
Indoor_MinkUNeXt_gradients_pos_per_query12batch_size512_truncated_augonly_best_effects0.5pos0.7neg0.7voxel_size0.05height-0.25_20250306_0144 + epoch_ + 60, 0.20833648244765016, 0.26060733401744374, 0.48819745943183684, 0.31904709196564357, 92.31664726426077, 94.65677179962894, 75.68590350047305, 87.55310752145425, 98.87466045789678, 99.66604823747682, 93.94512771996216, 97.49527880511192
Indoor_MinkUNeXt_gradients_pos_per_query12batch_size512_truncated_augonly_best_effects0.5pos0.7neg0.7voxel_size0.05height-0.25_20250306_0144 + epoch_ + 70, 0.20711090146322095, 0.25912779700004823, 0.4520335395959012, 0.30609074601972347, 92.51067132324408, 94.6938775510204, 77.95648060548723, 88.3870098265839, 98.9522700814901, 99.59183673469387, 96.16840113528855, 98.23750265049084
Indoor_MinkUNeXt_gradients_pos_per_query12batch_size512_truncated_augonly_best_effects0.5pos0.7neg0.7voxel_size0.05height-0.25_20250306_0144 + epoch_ + 80, 0.2042656907660439, 0.25891302313032066, 0.5009955010257522, 0.3213914049740389, 93.325572370974, 94.76808905380334, 76.25354777672658, 88.1157364005013, 99.14629414047343, 99.51762523191094, 95.03311258278146, 97.89901065172194
Indoor_MinkUNeXt_gradients_pos_per_query12batch_size512_truncated_augonly_best_effects0.5pos0.7neg0.7voxel_size0.05height-0.25_20250306_0144 + epoch_ + 90, 0.21082601906059076, 0.2584686317676215, 0.6196262250819208, 0.36297362530337773, 90.53162592161428, 94.65677179962894, 74.88174077578051, 86.69004616567459, 98.91346526969345, 99.66604823747682, 92.10028382213812, 96.89326577643612
Indoor_MinkUNeXt_gradients_pos_per_query12batch_size512_truncated_augonly_best_effects0.5pos0.7neg0.7voxel_size0.05height-0.25_20250306_0144 + epoch_ + 100, 0.20897630009947385, 0.2585845678497843, 0.5510134687390199, 0.33952477889609267, 91.3465269693442, 94.99072356215214, 74.12488174077578, 86.82071075742404, 98.99107489328676, 99.5547309833024, 92.4314096499527, 96.99240517551395
Indoor_MinkUNeXt_gradients_pos_per_query12batch_size512_truncated_augonly_best_effects0.5pos0.7neg0.7voxel_size0.05height-0.25_20250306_0144 + epoch_ + 110, 0.2097370363900032, 0.2597097080396868, 0.7648892744887859, 0.411445339639492, 92.35545207605743, 94.87940630797773, 74.07757805108798, 87.10414547837438, 99.14629414047343, 99.77736549165121, 93.519394512772, 97.48101804829888
Indoor_MinkUNeXt_gradients_pos_per_query12batch_size512_truncated_augonly_best_effects0.5pos0.7neg0.7voxel_size0.05height-0.25_20250306_0144 + epoch_ + 120, 0.20531751635080345, 0.2602652925449723, 0.5527286983514956, 0.33943716908242383, 92.54947613504075, 94.58256029684601, 75.78051087984863, 87.63751577057847, 98.87466045789678, 99.74025974025975, 95.08041627246925, 97.89844549020859
Indoor_MinkUNeXt_gradients_pos_per_query12batch_size512_truncated_augonly_best_effects0.5pos0.7neg0.7voxel_size0.05height-0.25_20250306_0144 + epoch_ + 130, 0.2064872356780526, 0.25872680554444233, 0.5600651895239546, 0.34175974358214983, 92.04501358168413, 94.76808905380334, 73.74645222327342, 86.85318495292029, 98.83585564610011, 99.81447124304268, 92.80983916745507, 97.1533886855326
Indoor_MinkUNeXt_gradients_pos_per_query12batch_size512_truncated_augonly_best_effects0.5pos0.7neg0.7voxel_size0.05height-0.25_20250306_0144 + epoch_ + 140, 0.2059607171659606, 0.26258510198602597, 0.7593370297979664, 0.40929428298331766, 92.12262320527745, 94.73098330241187, 72.51655629139073, 86.45672093302669, 99.02987970508343, 99.74025974025975, 92.66792809839167, 97.14602251457829
Indoor_MinkUNeXt_gradients_pos_per_query12batch_size512_truncated_augonly_best_effects0.5pos0.7neg0.7voxel_size0.05height-0.25_20250306_0144 + epoch_ + 150, 0.2067607484547394, 0.25697640382147474, 0.6301902697364659, 0.36464247400422667, 91.88979433449748, 94.8051948051948, 74.07757805108798, 86.92418906359342, 99.02987970508343, 99.5547309833024, 92.85714285714286, 97.14725118184292
Indoor_MinkUNeXt_gradients_pos_per_query12batch_size512_truncated_augonly_best_effects0.5pos0.7neg0.7voxel_size0.05height-0.25_20250306_0144 + epoch_ + 160, 0.20628899253870478, 0.2552088988796209, 0.5934940934701208, 0.35166399496281553, 91.9674039580908, 95.10204081632652, 74.26679280983916, 87.11207919475216, 98.9522700814901, 99.59183673469387, 93.14096499526963, 97.22835727048452
Indoor_MinkUNeXt_gradients_pos_per_query12batch_size512_truncated_augonly_best_effects0.5pos0.7neg0.7voxel_size0.05height-0.25_20250306_0144 + epoch_ + 170, 0.20523560811249095, 0.25562421435544846, 0.5829241438694444, 0.34792798877912795, 92.12262320527745, 94.99072356215214, 75.0236518448439, 87.37899953742449, 99.0686845168801, 99.59183673469387, 93.70860927152319, 97.4563768410324
Indoor_MinkUNeXt_gradients_pos_per_query12batch_size512_truncated_augonly_best_effects0.5pos0.7neg0.7voxel_size0.05height-0.25_20250306_0144 + epoch_ + 180, 0.20352761964104846, 0.25488753151985494, 0.5616553290670419, 0.3400234934093151, 92.62708575863408, 95.10204081632652, 75.26017029328288, 87.66309895608117, 99.02987970508343, 99.74025974025975, 93.28287606433302, 97.35100516989206
Indoor_MinkUNeXt_gradients_pos_per_query12batch_size512_truncated_augonly_best_effects0.5pos0.7neg0.7voxel_size0.05height-0.25_20250306_0144 + epoch_ + 190, 0.20309570912593955, 0.255383317958778, 0.5708940169464032, 0.34312434801037356, 92.58828094683741, 95.13914656771799, 75.21286660359509, 87.64676470605018, 99.02987970508343, 99.74025974025975, 93.18826868495744, 97.31946937676686
Indoor_MinkUNeXt_gradients_pos_per_query12batch_size512_truncated_augonly_best_effects0.5pos0.7neg0.7voxel_size0.05height-0.25_20250306_0144 + epoch_ + 200, 0.203117255936256, 0.2553145346596198, 0.5666308516313108, 0.3416875474090622, 92.62708575863408, 95.06493506493506, 75.30747398297068, 87.66649826884661, 98.99107489328676, 99.74025974025975, 93.37748344370861, 97.36960602575171


Indoor_MinkUNeXt_gradients_pos_per_query12batch_size512_truncated_augonly_best_effects0.5pos0.7neg0.7voxel_size0.05height-0.25_20250306_2115 + epoch_ + 1, 0.39528250344840304, 0.3823334779321719, 0.6893096548982592, 0.48897521209294476, 88.51377570818781, 87.71799628942486, 75.59129612109746, 83.94102270623671, 97.05083430345363, 97.88497217068645, 93.94512771996216, 96.29364473136741
Indoor_MinkUNeXt_gradients_pos_per_query12batch_size512_truncated_augonly_best_effects0.5pos0.7neg0.7voxel_size0.05height-0.25_20250306_2115 + epoch_ + 10, 0.29447694374829275, 0.3252489495005604, 0.6062573662643244, 0.4086610865043925, 89.94955374466433, 90.79777365491651, 80.03784295175024, 86.92839011711037, 97.94334497477686, 99.18367346938776, 96.68874172185431, 97.93858672200629
Indoor_MinkUNeXt_gradients_pos_per_query12batch_size512_truncated_augonly_best_effects0.5pos0.7neg0.7voxel_size0.05height-0.25_20250306_2115 + epoch_ + 20, 0.2480239096093323, 0.3055425566876628, 0.5158282716463694, 0.3564649126477881, 90.25999223903764, 92.3191094619666, 79.56480605487228, 87.38130258529218, 98.1373690337602, 99.22077922077922, 96.12109744560075, 97.82641523338005
Indoor_MinkUNeXt_gradients_pos_per_query12batch_size512_truncated_augonly_best_effects0.5pos0.7neg0.7voxel_size0.05height-0.25_20250306_2115 + epoch_ + 30, 0.2762209556052567, 0.28274289761860966, 0.48323922684632287, 0.34740102669006306, 89.3674815677144, 92.69016697588125, 79.75402081362346, 87.27055645240637, 98.29258828094683, 99.92578849721707, 96.35761589403974, 98.19199755740122
Indoor_MinkUNeXt_gradients_pos_per_query12batch_size512_truncated_augonly_best_effects0.5pos0.7neg0.7voxel_size0.05height-0.25_20250306_2115 + epoch_ + 40, 0.2622736372256905, 0.27969138926130627, 0.41809872510660345, 0.3200212505312001, 88.55258051998447, 93.91465677179963, 79.61210974456007, 87.35978234544807, 97.94334497477686, 99.62894248608535, 96.02649006622516, 97.86625917569579
Indoor_MinkUNeXt_gradients_pos_per_query12batch_size512_truncated_augonly_best_effects0.5pos0.7neg0.7voxel_size0.05height-0.25_20250306_2115 + epoch_ + 50, 0.23769529277747267, 0.268303865497519, 0.4240359116329311, 0.31001168996930756, 90.7256499805976, 94.32282003710574, 76.96310312204352, 87.33719104658228, 98.83585564610011, 99.77736549165121, 95.26963103122044, 97.9609507229906
Indoor_MinkUNeXt_gradients_pos_per_query12batch_size512_truncated_augonly_best_effects0.5pos0.7neg0.7voxel_size0.05height-0.25_20250306_2115 + epoch_ + 60, 0.23700501749476413, 0.29498310389036353, 0.4232016515924359, 0.3183965909925212, 90.95847885137756, 93.91465677179963, 79.47019867549669, 88.11444476622462, 99.10748932867676, 99.70315398886828, 96.07379375591296, 98.29481235781934
Indoor_MinkUNeXt_gradients_pos_per_query12batch_size512_truncated_augonly_best_effects0.5pos0.7neg0.7voxel_size0.05height-0.25_20250306_2115 + epoch_ + 70, 0.22913708395149165, 0.25902965155663554, 0.4214173564954618, 0.30319469733452964, 90.76445479239426, 94.8051948051948, 77.48344370860927, 87.68436443539944, 98.87466045789678, 99.66604823747682, 96.6414380321665, 98.39404890918003
Indoor_MinkUNeXt_gradients_pos_per_query12batch_size512_truncated_augonly_best_effects0.5pos0.7neg0.7voxel_size0.05height-0.25_20250306_2115 + epoch_ + 80, 0.24028840701074486, 0.2650334475237358, 0.4223121964314133, 0.3092113503219647, 90.6092355452076, 94.58256029684601, 78.28760643330179, 87.82646742511845, 98.3313930927435, 99.81447124304268, 96.02649006622516, 98.05745146733712
Indoor_MinkUNeXt_gradients_pos_per_query12batch_size512_truncated_augonly_best_effects0.5pos0.7neg0.7voxel_size0.05height-0.25_20250306_2115 + epoch_ + 90, 0.22805381568138897, 0.2695004632501914, 0.42877462413839734, 0.3087763010233259, 90.84206441598758, 94.61966604823748, 78.1456953642384, 87.86914194282116, 98.21497865735351, 99.81447124304268, 95.6480605487228, 97.89250348303966
Indoor_MinkUNeXt_gradients_pos_per_query12batch_size512_truncated_augonly_best_effects0.5pos0.7neg0.7voxel_size0.05height-0.25_20250306_2115 + epoch_ + 100, 0.21526508562907593, 0.27907277286209253, 0.4698917982133733, 0.32140988556818056, 91.69577027551416, 94.6938775510204, 74.50331125827815, 86.96431969493757, 98.6418315871168, 99.81447124304268, 96.07379375591296, 98.17669886202414
Indoor_MinkUNeXt_gradients_pos_per_query12batch_size512_truncated_augonly_best_effects0.5pos0.7neg0.7voxel_size0.05height-0.25_20250306_2115 + epoch_ + 110, 0.20851365827204696, 0.2615455016448433, 0.43104912241125165, 0.300369427442714, 92.47186651144742, 94.58256029684601, 77.53074739829707, 88.1950580688635, 98.83585564610011, 99.81447124304268, 95.88457899716177, 98.17830196210151
Indoor_MinkUNeXt_gradients_pos_per_query12batch_size512_truncated_augonly_best_effects0.5pos0.7neg0.7voxel_size0.05height-0.25_20250306_2115 + epoch_ + 120, 0.20669015076956285, 0.2577895991951189, 0.41701660523717005, 0.29383211840061724, 92.43306169965075, 94.65677179962894, 78.47682119205298, 88.52221823044421, 98.99107489328676, 99.81447124304268, 96.49952696310312, 98.43502436647752
Indoor_MinkUNeXt_gradients_pos_per_query12batch_size512_truncated_augonly_best_effects0.5pos0.7neg0.7voxel_size0.05height-0.25_20250306_2115 + epoch_ + 130, 0.227828434111491, 0.25966941545147604, 0.4467583501167962, 0.31141873322658775, 91.3465269693442, 94.91651205936921, 75.78051087984863, 87.34784996952068, 98.37019790454016, 99.81447124304268, 96.31031220435194, 98.16499378397826
Indoor_MinkUNeXt_gradients_pos_per_query12batch_size512_truncated_augonly_best_effects0.5pos0.7neg0.7voxel_size0.05height-0.25_20250306_2115 + epoch_ + 140, 0.21315954760186412, 0.25850302970590927, 0.38128341780499403, 0.28431533170425577, 92.16142801707412, 94.95361781076068, 80.17975402081362, 89.09826661621612, 99.02987970508343, 99.81447124304268, 96.8306527909177, 98.55833457968127
Indoor_MinkUNeXt_gradients_pos_per_query12batch_size512_truncated_augonly_best_effects0.5pos0.7neg0.7voxel_size0.05height-0.25_20250306_2115 + epoch_ + 150, 0.21827358574800373, 0.2565613061930363, 0.4111229353009661, 0.29531927574733535, 90.64804035700426, 95.54730983302412, 77.2469252601703, 87.8140918167329, 98.79705083430346, 99.66604823747682, 96.07379375591296, 98.17896427589774
Indoor_MinkUNeXt_gradients_pos_per_query12batch_size512_truncated_augonly_best_effects0.5pos0.7neg0.7voxel_size0.05height-0.25_20250306_2115 + epoch_ + 160, 0.2099036608379404, 0.25587065869740483, 0.3948587504234619, 0.28687768998626906, 91.07489328676756, 95.36178107606679, 78.85525070955535, 88.43064169079658, 98.68063639891346, 99.70315398886828, 96.7833491012299, 98.38904649633723
Indoor_MinkUNeXt_gradients_pos_per_query12batch_size512_truncated_augonly_best_effects0.5pos0.7neg0.7voxel_size0.05height-0.25_20250306_2115 + epoch_ + 170, 0.20816613023633854, 0.2555388928357012, 0.3942161961610398, 0.28597373974435986, 91.30772215754753, 95.21335807050093, 78.80794701986756, 88.44300908263865, 98.68063639891346, 99.70315398886828, 97.20908230842007, 98.53095756540061
Indoor_MinkUNeXt_gradients_pos_per_query12batch_size512_truncated_augonly_best_effects0.5pos0.7neg0.7voxel_size0.05height-0.25_20250306_2115 + epoch_ + 180, 0.20765944372190845, 0.25544684528547923, 0.39530596879025726, 0.28613741926588165, 91.50174621653086, 95.39888682745826, 78.57142857142857, 88.49068720513922, 98.6418315871168, 99.70315398886828, 96.97256385998108, 98.43918314532205
Indoor_MinkUNeXt_gradients_pos_per_query12batch_size512_truncated_augonly_best_effects0.5pos0.7neg0.7voxel_size0.05height-0.25_20250306_2115 + epoch_ + 190, 0.2075495160581652, 0.255842156680965, 0.3956646206487765, 0.2863520977959689, 91.54055102832751, 95.39888682745826, 78.61873226111636, 88.51939003896739, 98.6418315871168, 99.70315398886828, 97.06717123935667, 98.47071893844725
Indoor_MinkUNeXt_gradients_pos_per_query12batch_size512_truncated_augonly_best_effects0.5pos0.7neg0.7voxel_size0.05height-0.25_20250306_2115 + epoch_ + 200, 0.20776577176278588, 0.2561116855504775, 0.39456772659402656, 0.2861483946357633, 91.42413659293751, 95.36178107606679, 78.71333964049197, 88.49975243649875, 98.6418315871168, 99.70315398886828, 96.97256385998108, 98.43918314532205
