Noise
Indoor_MinkUNeXt_seq2_gradients_pos_per_query16batch_size512_truncated_augonly_best_effects0.5pos0.7neg0.7voxel_size0.05height-0.25_20250321_1609 + epoch_ + 10, 91.0360884749709, 95.21335807050093, 86.23462630085147, 85.65737051792829, 87.590428491931, 76.0919540229885, 67.6829268292683, 87.4401913875598, 81.03448275862068, 83.02752293577981, 84.10089497903996, 98.68063639891346, 99.5547309833024, 97.96594134342479, 93.27689243027888, 96.10461880912632, 98.29885057471265, 95.35647279549718, 99.16267942583733, 95.40229885057471, 98.1651376146789, 97.19682592263467
Indoor_MinkUNeXt_seq2_gradients_pos_per_query16batch_size512_truncated_augonly_best_effects0.5pos0.7neg0.7voxel_size0.05height-0.25_20250321_1609 + epoch_ + 20, 93.17035312378735, 95.69573283858999, 87.13339640491958, 86.25498007968127, 86.70005564830274, 76.32183908045977, 68.66791744840526, 85.76555023923444, 77.93103448275862, 84.63302752293578, 84.22738868690747, 98.6418315871168, 99.48051948051948, 97.7294228949858, 93.72509960159363, 96.93934335002783, 98.52873563218391, 95.49718574108817, 99.28229665071771, 92.29885057471265, 98.05045871559633, 97.01737442285423
Indoor_MinkUNeXt_seq2_gradients_pos_per_query16batch_size512_truncated_augonly_best_effects0.5pos0.7neg0.7voxel_size0.05height-0.25_20250321_1609 + epoch_ + 30, 92.00620876988746, 96.14100185528757, 88.45789971617786, 86.35458167330677, 90.15025041736226, 76.6896551724138, 65.1031894934334, 86.1244019138756, 79.42528735632183, 85.3211009174312, 84.57735772854977, 98.7582460225068, 99.5547309833024, 97.58751182592242, 93.67529880478087, 99.44351697273233, 98.71264367816092, 94.60600375234522, 99.16267942583733, 93.79310344827586, 98.5091743119266, 97.38029092257908
Indoor_MinkUNeXt_seq2_gradients_pos_per_query16batch_size512_truncated_augonly_best_effects0.5pos0.7neg0.7voxel_size0.05height-0.25_20250321_1609 + epoch_ + 40, 92.20023282887078, 95.76994434137292, 89.120151371807, 86.40438247011953, 91.54145798553144, 77.5632183908046, 70.59099437148217, 86.60287081339713, 78.73563218390804, 84.86238532110092, 85.33912700783944, 98.60302677532013, 99.51762523191094, 98.01324503311258, 92.97808764940238, 99.61046188091264, 98.85057471264368, 94.65290806754221, 99.04306220095694, 94.02298850574712, 98.39449541284404, 97.36864754703925
Indoor_MinkUNeXt_seq2_gradients_pos_per_query16batch_size512_truncated_augonly_best_effects0.5pos0.7neg0.7voxel_size0.05height-0.25_20250321_1609 + epoch_ + 50, 92.35545207605743, 96.25231910946196, 89.35666982024598, 86.70318725099602, 89.87200890372844, 77.79310344827586, 67.3545966228893, 88.75598086124403, 78.96551724137932, 85.55045871559633, 85.29592940498746, 98.56422196352348, 99.51762523191094, 98.01324503311258, 93.27689243027888, 97.9966611018364, 98.98850574712642, 95.26266416510319, 99.4019138755981, 93.79310344827586, 98.39449541284404, 97.32093284096098
Indoor_MinkUNeXt_seq2_gradients_pos_per_query16batch_size512_truncated_augonly_best_effects0.5pos0.7neg0.7voxel_size0.05height-0.25_20250321_1609 + epoch_ + 60, 92.43306169965075, 96.06679035250464, 87.93755912961211, 86.30478087649402, 91.87534780189203, 77.74712643678161, 66.83864915572232, 86.48325358851675, 74.36781609195403, 86.69724770642202, 84.67516328395503, 98.7582460225068, 99.51762523191094, 97.63481551561021, 93.42629482071713, 98.49749582637729, 98.71264367816092, 95.0750469043152, 99.4019138755981, 90.3448275862069, 98.85321100917432, 97.02221204705776
Indoor_MinkUNeXt_seq2_gradients_pos_per_query16batch_size512_truncated_augonly_best_effects0.5pos0.7neg0.7voxel_size0.05height-0.25_20250321_1609 + epoch_ + 70, 92.23903764066745, 96.40074211502782, 89.02554399243141, 86.95219123505976, 95.38119087367835, 77.83908045977012, 65.94746716697935, 85.28708133971293, 77.35632183908045, 87.04128440366972, 85.34699410660774, 98.40900271633683, 99.59183673469387, 97.918637653737, 92.92828685258964, 100.0, 98.94252873563218, 95.21575984990619, 98.92344497607655, 92.87356321839081, 98.39449541284404, 97.31975561502072
Indoor_MinkUNeXt_seq2_gradients_pos_per_query16batch_size512_truncated_augonly_best_effects0.5pos0.7neg0.7voxel_size0.05height-0.25_20250321_1609 + epoch_ + 80, 92.20023282887078, 96.43784786641929, 89.40397350993378, 86.00597609561753, 94.37952142459655, 77.33333333333333, 67.82363977485929, 85.16746411483254, 78.16091954022988, 85.89449541284404, 85.28074039015371, 98.4478075281335, 99.40630797773655, 98.06054872280038, 93.47609561752988, 99.8330550918197, 99.17241379310346, 95.73170731707317, 99.4019138755981, 92.64367816091954, 98.73853211009175, 97.4912060194806
Indoor_MinkUNeXt_seq2_gradients_pos_per_query16batch_size512_truncated_augonly_best_effects0.5pos0.7neg0.7voxel_size0.05height-0.25_20250321_1609 + epoch_ + 90, 93.0151338766007, 96.43784786641929, 88.83632923368022, 86.80278884462152, 93.71174179187534, 77.33333333333333, 66.04127579737336, 87.32057416267942, 77.47126436781609, 84.28899082568807, 85.12592801000874, 98.7582460225068, 99.70315398886828, 97.8713339640492, 93.17729083665338, 99.8330550918197, 98.80459770114942, 94.8874296435272, 99.28229665071771, 91.95402298850574, 98.62385321100918, 97.28952800988066
Indoor_MinkUNeXt_seq2_gradients_pos_per_query16batch_size512_truncated_augonly_best_effects0.5pos0.7neg0.7voxel_size0.05height-0.25_20250321_1609 + epoch_ + 100, 92.20023282887078, 96.47495361781077, 89.0728476821192, 86.75298804780877, 91.87534780189203, 78.06896551724138, 65.61913696060037, 89.23444976076556, 80.11494252873564, 85.43577981651376, 85.48496445623582, 98.09856422196353, 99.51762523191094, 97.7294228949858, 92.97808764940238, 98.6644407345576, 99.49425287356321, 93.62101313320825, 99.4019138755981, 94.02298850574712, 98.27981651376146, 97.18081256346986
Indoor_MinkUNeXt_seq2_gradients_pos_per_query16batch_size512_truncated_augonly_best_effects0.5pos0.7neg0.7voxel_size0.05height-0.25_20250321_1609 + epoch_ + 110, 92.16142801707412, 96.5491651205937, 90.82308420056765, 86.45418326693228, 91.54145798553144, 78.52873563218391, 68.85553470919325, 87.67942583732058, 75.28735632183908, 84.63302752293578, 85.25133986141718, 98.40900271633683, 99.5547309833024, 98.20245979186376, 93.27689243027888, 99.05397885364496, 99.1264367816092, 94.32457786116323, 99.04306220095694, 90.0, 98.96788990825688, 96.9959031527413
Indoor_MinkUNeXt_seq2_gradients_pos_per_query16batch_size512_truncated_augonly_best_effects0.5pos0.7neg0.7voxel_size0.05height-0.25_20250321_1609 + epoch_ + 120, 92.7046953822274, 96.51205936920223, 88.83632923368022, 86.70318725099602, 92.26488592097941, 77.97701149425286, 67.02626641651031, 85.04784688995215, 79.54022988505747, 86.69724770642202, 85.33097595492801, 98.29258828094683, 99.51762523191094, 98.01324503311258, 92.92828685258964, 98.72008903728437, 99.08045977011494, 94.55909943714822, 99.28229665071771, 93.33333333333333, 98.85321100917432, 97.2580234636333
Indoor_MinkUNeXt_seq2_gradients_pos_per_query16batch_size512_truncated_augonly_best_effects0.5pos0.7neg0.7voxel_size0.05height-0.25_20250321_1609 + epoch_ + 130, 92.51067132324408, 96.2152133580705, 88.74172185430463, 86.70318725099602, 88.9259877573734, 77.97701149425286, 65.71294559099438, 82.89473684210526, 77.58620689655173, 86.58256880733946, 84.38502511752324, 98.37019790454016, 99.59183673469387, 98.10785241248817, 93.12749003984064, 96.10461880912632, 99.2183908045977, 93.24577861163228, 98.80382775119617, 93.90804597701148, 98.73853211009175, 96.92165711552187
Indoor_MinkUNeXt_seq2_gradients_pos_per_query16batch_size512_truncated_augonly_best_effects0.5pos0.7neg0.7voxel_size0.05height-0.25_20250321_1609 + epoch_ + 140, 93.17035312378735, 96.28942486085343, 89.120151371807, 86.40438247011953, 93.37785197551474, 78.20689655172414, 68.66791744840526, 86.48325358851675, 78.16091954022988, 85.3211009174312, 85.52022518483892, 99.02987970508343, 99.44341372912801, 98.01324503311258, 93.37649402390437, 99.94435169727323, 99.1264367816092, 93.76172607879924, 99.28229665071771, 93.90804597701148, 98.62385321100918, 97.45097428876485
Indoor_MinkUNeXt_seq2_gradients_pos_per_query16batch_size512_truncated_augonly_best_effects0.5pos0.7neg0.7voxel_size0.05height-0.25_20250321_1609 + epoch_ + 150, 92.23903764066745, 96.62337662337663, 90.2081362346263, 86.50398406374502, 90.65108514190318, 77.74712643678161, 67.82363977485929, 84.21052631578947, 72.64367816091955, 85.89449541284404, 84.45450858055126, 98.79705083430346, 99.51762523191094, 98.20245979186376, 93.12749003984064, 97.71841958820256, 99.1264367816092, 94.8405253283302, 99.28229665071771, 89.65517241379311, 98.27981651376146, 96.85472931743331
Indoor_MinkUNeXt_seq2_gradients_pos_per_query16batch_size512_truncated_augonly_best_effects0.5pos0.7neg0.7voxel_size0.05height-0.25_20250321_1609 + epoch_ + 160, 92.16142801707412, 95.80705009276438, 89.2620624408704, 85.7569721115538, 93.15525876460768, 77.65517241379311, 66.60412757973734, 83.25358851674642, 76.32183908045977, 85.20642201834863, 84.51839210359556, 98.79705083430346, 99.59183673469387, 97.918637653737, 93.72509960159363, 99.4991652754591, 99.77011494252874, 94.18386491557223, 97.84688995215312, 91.72413793103448, 98.39449541284404, 97.14512932539196
Indoor_MinkUNeXt_seq2_gradients_pos_per_query16batch_size512_truncated_augonly_best_effects0.5pos0.7neg0.7voxel_size0.05height-0.25_20250321_1609 + epoch_ + 170, 93.36437718277067, 96.2152133580705, 88.97824030274361, 86.55378486055777, 92.26488592097941, 77.93103448275862, 66.55722326454033, 82.77511961722487, 73.9080459770115, 85.6651376146789, 84.42130625813361, 98.99107489328676, 99.59183673469387, 97.8713339640492, 93.37649402390437, 97.44017807456873, 99.44827586206897, 94.37148217636022, 98.56459330143541, 89.54022988505747, 98.96788990825688, 96.81633888236819
Indoor_MinkUNeXt_seq2_gradients_pos_per_query16batch_size512_truncated_augonly_best_effects0.5pos0.7neg0.7voxel_size0.05height-0.25_20250321_1609 + epoch_ + 180, 92.74350019402407, 95.8812615955473, 89.97161778618732, 86.30478087649402, 89.53811908736785, 78.71264367816092, 65.80675422138836, 87.5598086124402, 74.59770114942529, 85.20642201834863, 84.63226092193838, 98.9522700814901, 99.59183673469387, 98.20245979186376, 93.52589641434263, 97.71841958820256, 98.85057471264368, 94.8874296435272, 99.16267942583733, 90.80459770114942, 98.62385321100918, 97.03200173047597
Indoor_MinkUNeXt_seq2_gradients_pos_per_query16batch_size512_truncated_augonly_best_effects0.5pos0.7neg0.7voxel_size0.05height-0.25_20250321_1609 + epoch_ + 190, 92.04501358168413, 96.5491651205937, 89.40397350993378, 86.45418326693228, 92.71007234279355, 78.16091954022988, 67.3076923076923, 84.56937799043062, 79.65517241379311, 85.09174311926606, 85.19473131933495, 98.40900271633683, 99.66604823747682, 98.10785241248817, 94.32270916334662, 98.9983305509182, 98.89655172413792, 93.38649155722327, 99.04306220095694, 92.52873563218391, 98.62385321100918, 97.1982637406078
Indoor_MinkUNeXt_seq2_gradients_pos_per_query16batch_size512_truncated_augonly_best_effects0.5pos0.7neg0.7voxel_size0.05height-0.25_20250321_1609 + epoch_ + 200, 92.7046953822274, 96.25231910946196, 89.82970671712394, 86.65338645418326, 90.98497495826378, 78.57471264367815, 67.21388367729831, 81.9377990430622, 71.03448275862068, 85.09174311926606, 84.02777038631858, 98.52541715172681, 99.51762523191094, 98.06054872280038, 93.17729083665338, 96.71675013912076, 99.03448275862068, 93.57410881801125, 97.24880382775119, 87.1264367816092, 98.5091743119266, 96.14906385801312
Indoor_MinkUNeXt_seq2_gradients_pos_per_query16batch_size512_truncated_augonly_best_effects0.5pos0.7neg0.7voxel_size0.05height-0.25_20250321_1609 + epoch_ + 210, 92.78230500582072, 96.2152133580705, 89.02554399243141, 86.40438247011953, 91.59710628825822, 79.0344827586207, 66.74484052532833, 84.92822966507177, 77.816091954023, 85.43577981651376, 84.99839758342578, 98.83585564610011, 99.51762523191094, 97.63481551561021, 93.47609561752988, 98.8313856427379, 99.08045977011494, 93.62101313320825, 98.92344497607655, 90.80459770114942, 98.85321100917432, 96.95785042436127
Indoor_MinkUNeXt_seq2_gradients_pos_per_query16batch_size512_truncated_augonly_best_effects0.5pos0.7neg0.7voxel_size0.05height-0.25_20250321_1609 + epoch_ + 220, 92.97632906480403, 96.43784786641929, 89.45127719962157, 85.85657370517929, 92.7657206455203, 78.85057471264368, 67.77673545966229, 84.44976076555024, 78.04597701149424, 85.43577981651376, 85.20465762474086, 98.7582460225068, 99.66604823747682, 98.10785241248817, 93.67529880478087, 99.61046188091264, 99.2183908045977, 94.55909943714822, 99.52153110047847, 91.95402298850574, 98.62385321100918, 97.36948048999045
Indoor_MinkUNeXt_seq2_gradients_pos_per_query16batch_size512_truncated_augonly_best_effects0.5pos0.7neg0.7voxel_size0.05height-0.25_20250321_1609 + epoch_ + 230, 92.08381839348078, 96.51205936920223, 90.01892147587512, 85.95617529880478, 91.26321647189761, 78.11494252873563, 66.51031894934334, 84.92822966507177, 76.55172413793103, 86.35321100917432, 84.82926172995164, 98.48661233993015, 99.5547309833024, 98.15515610217597, 93.22709163346613, 98.6644407345576, 98.89655172413792, 93.80863039399625, 98.32535885167464, 90.57471264367815, 98.1651376146789, 96.7858423021598
Indoor_MinkUNeXt_seq2_gradients_pos_per_query16batch_size512_truncated_augonly_best_effects0.5pos0.7neg0.7voxel_size0.05height-0.25_20250321_1609 + epoch_ + 240, 92.58828094683741, 96.06679035250464, 89.21475875118259, 87.10159362549801, 91.43016138007792, 78.66666666666666, 66.27579737335834, 84.21052631578947, 76.32183908045977, 85.77981651376146, 84.76562310061364, 98.52541715172681, 99.5547309833024, 97.918637653737, 93.17729083665338, 99.27657206455203, 99.26436781609196, 93.66791744840526, 98.44497607655502, 88.96551724137932, 98.27981651376146, 96.70752437861645
Indoor_MinkUNeXt_seq2_gradients_pos_per_query16batch_size512_truncated_augonly_best_effects0.5pos0.7neg0.7voxel_size0.05height-0.25_20250321_1609 + epoch_ + 250, 92.31664726426077, 96.36363636363636, 90.49195837275307, 86.55378486055777, 90.20589872008904, 79.1264367816092, 65.47842401500938, 84.92822966507177, 74.82758620689656, 84.97706422018348, 84.52696664700673, 98.4478075281335, 99.70315398886828, 98.20245979186376, 93.57569721115537, 97.9966611018364, 99.1264367816092, 93.48030018761726, 98.32535885167464, 89.88505747126436, 98.62385321100918, 96.7366786125032
Indoor_MinkUNeXt_seq2_gradients_pos_per_query16batch_size512_truncated_augonly_best_effects0.5pos0.7neg0.7voxel_size0.05height-0.25_20250321_1609 + epoch_ + 260, 92.58828094683741, 96.28942486085343, 90.44465468306528, 86.35458167330677, 90.20589872008904, 79.0344827586207, 65.47842401500938, 84.33014354066985, 76.32183908045977, 86.46788990825688, 84.75156201871685, 98.9522700814901, 99.62894248608535, 98.10785241248817, 93.52589641434263, 98.33055091819699, 99.1264367816092, 93.52720450281426, 98.32535885167464, 91.0344827586207, 98.1651376146789, 96.87241328220009
Indoor_MinkUNeXt_seq2_gradients_pos_per_query16batch_size512_truncated_augonly_best_effects0.5pos0.7neg0.7voxel_size0.05height-0.25_20250321_1609 + epoch_ + 270, 92.35545207605743, 96.43784786641929, 90.39735099337747, 86.10557768924303, 90.98497495826378, 78.52873563218391, 67.3076923076923, 83.3732057416268, 76.0919540229885, 86.35321100917432, 84.79360022970268, 98.87466045789678, 99.59183673469387, 98.10785241248817, 93.72509960159363, 99.10962715637173, 99.17241379310346, 93.38649155722327, 98.20574162679426, 90.57471264367815, 98.62385321100918, 96.93722891948525
Indoor_MinkUNeXt_seq2_gradients_pos_per_query16batch_size512_truncated_augonly_best_effects0.5pos0.7neg0.7voxel_size0.05height-0.25_20250321_1609 + epoch_ + 280, 92.62708575863408, 96.36363636363636, 90.35004730368968, 86.20517928286853, 91.20756816917084, 78.3448275862069, 66.65103189493433, 83.85167464114832, 74.36781609195403, 86.46788990825688, 84.64367570005, 98.68063639891346, 99.59183673469387, 98.06054872280038, 93.87450199203188, 99.22092376182526, 99.17241379310346, 93.15196998123827, 98.20574162679426, 89.65517241379311, 98.62385321100918, 96.82375986362032
Indoor_MinkUNeXt_seq2_gradients_pos_per_query16batch_size512_truncated_augonly_best_effects0.5pos0.7neg0.7voxel_size0.05height-0.25_20250321_1609 + epoch_ + 290, 93.05393868839737, 96.40074211502782, 90.63386944181646, 86.05577689243027, 91.54145798553144, 78.75862068965517, 67.4953095684803, 83.3732057416268, 76.0919540229885, 86.58256880733946, 84.99874439532937, 98.83585564610011, 99.5547309833024, 98.10785241248817, 93.77490039840637, 98.60879243183082, 99.17241379310346, 93.10506566604127, 98.08612440191388, 91.0344827586207, 98.62385321100918, 96.89040717028163
Indoor_MinkUNeXt_seq2_gradients_pos_per_query16batch_size512_truncated_augonly_best_effects0.5pos0.7neg0.7voxel_size0.05height-0.25_20250321_1609 + epoch_ + 300, 93.209157935584, 96.43784786641929, 90.49195837275307, 86.50398406374502, 91.76405119643852, 78.80459770114942, 66.08818011257036, 83.3732057416268, 74.48275862068967, 86.46788990825688, 84.76236315192331, 98.91346526969345, 99.59183673469387, 98.15515610217597, 93.77490039840637, 98.6644407345576, 99.2183908045977, 93.24577861163228, 98.20574162679426, 90.57471264367815, 98.73853211009175, 96.90829550363216
Indoor_MinkUNeXt_seq2_gradients_pos_per_query16batch_size512_truncated_augonly_best_effects0.5pos0.7neg0.7voxel_size0.05height-0.25_20250321_1609 + epoch_ + 310, 92.89871944121072, 96.28942486085343, 90.87038789025544, 86.45418326693228, 91.26321647189761, 78.71264367816092, 66.97936210131333, 83.25358851674642, 75.97701149425288, 86.35321100917432, 84.90517487307973, 98.83585564610011, 99.5547309833024, 98.06054872280038, 93.92430278884463, 98.38619922092377, 99.1264367816092, 93.10506566604127, 98.08612440191388, 91.14942528735632, 98.62385321100918, 96.88525427099009
Indoor_MinkUNeXt_seq2_gradients_pos_per_query16batch_size512_truncated_augonly_best_effects0.5pos0.7neg0.7voxel_size0.05height-0.25_20250321_1609 + epoch_ + 320, 93.209157935584, 96.2152133580705, 91.01229895931883, 86.45418326693228, 91.54145798553144, 78.4367816091954, 66.46341463414635, 83.97129186602871, 75.86206896551724, 86.58256880733946, 84.97484373876642, 98.91346526969345, 99.59183673469387, 98.06054872280038, 93.97410358565737, 98.21925431274346, 99.1264367816092, 93.33958724202627, 98.32535885167464, 90.91954022988506, 98.73853211009175, 96.92086638408753
Indoor_MinkUNeXt_seq2_gradients_pos_per_query16batch_size512_truncated_augonly_best_effects0.5pos0.7neg0.7voxel_size0.05height-0.25_20250321_1609 + epoch_ + 330, 93.13154831199068, 96.3265306122449, 90.96499526963103, 86.50398406374502, 92.48747913188647, 78.52873563218391, 66.36960600375235, 84.33014354066985, 75.74712643678161, 86.81192660550458, 85.12020756083903, 98.91346526969345, 99.59183673469387, 98.10785241248817, 93.62549800796812, 98.9983305509182, 99.03448275862068, 93.43339587242026, 98.56459330143541, 90.80459770114942, 98.85321100917432, 96.99272636185619
Indoor_MinkUNeXt_seq2_gradients_pos_per_query16batch_size512_truncated_augonly_best_effects0.5pos0.7neg0.7voxel_size0.05height-0.25_20250321_1609 + epoch_ + 340, 93.48079161816065, 96.43784786641929, 90.87038789025544, 86.40438247011953, 91.81969949916528, 78.16091954022988, 66.46341463414635, 83.3732057416268, 75.05747126436782, 86.0091743119266, 84.80772948364177, 98.9522700814901, 99.59183673469387, 97.918637653737, 93.77490039840637, 97.77406789092933, 99.1264367816092, 93.29268292682927, 98.32535885167464, 91.14942528735632, 98.73853211009175, 96.86441487168177
Indoor_MinkUNeXt_seq2_gradients_pos_per_query16batch_size512_truncated_augonly_best_effects0.5pos0.7neg0.7voxel_size0.05height-0.25_20250321_1609 + epoch_ + 350, 93.209157935584, 96.47495361781077, 91.01229895931883, 86.75298804780877, 91.98664440734558, 78.80459770114942, 66.93245778611632, 83.3732057416268, 75.74712643678161, 86.58256880733946, 85.08759994408817, 98.79705083430346, 99.59183673469387, 98.06054872280038, 93.97410358565737, 98.6644407345576, 99.17241379310346, 93.38649155722327, 98.32535885167464, 91.0344827586207, 98.96788990825688, 96.99746174808917
Indoor_MinkUNeXt_seq2_gradients_pos_per_query16batch_size512_truncated_augonly_best_effects0.5pos0.7neg0.7voxel_size0.05height-0.25_20250321_1609 + epoch_ + 360, 93.24796274738067, 96.40074211502782, 91.01229895931883, 86.65338645418326, 91.65275459098497, 78.62068965517241, 66.88555347091932, 83.49282296650718, 75.74712643678161, 86.69724770642202, 85.0410585102698, 98.87466045789678, 99.59183673469387, 98.01324503311258, 93.92430278884463, 98.44184752365052, 99.1264367816092, 93.43339587242026, 98.20574162679426, 90.91954022988506, 98.96788990825688, 96.94988969571641

No noise

Indoor_MinkUNeXt_seq2_gradients_pos_per_query16batch_size512_truncated_augonly_best_effects0.5pos0.7neg0.7voxel_size0.05height-0.25_20250322_1008 + epoch_ + 1, 89.988358556461, 91.61410018552876, 80.22705771050141, 81.52390438247012, 86.03227601558152, 72.41379310344827, 73.63977485928706, 87.32057416267942, 77.35632183908045, 82.79816513761467, 82.29143259526526, 96.81800543267364, 99.18367346938776, 95.55345316934721, 90.58764940239044, 95.60378408458541, 97.28735632183908, 94.13696060037523, 98.56459330143541, 93.33333333333333, 96.44495412844036, 95.75137632438079
Indoor_MinkUNeXt_seq2_gradients_pos_per_query16batch_size512_truncated_augonly_best_effects0.5pos0.7neg0.7voxel_size0.05height-0.25_20250322_1008 + epoch_ + 10, 91.88979433449748, 94.54545454545455, 85.24124881740775, 83.91434262948208, 89.92765720645521, 76.96551724137932, 68.48030018761726, 85.04784688995215, 78.73563218390804, 84.86238532110092, 83.96101793572547, 98.7582460225068, 99.62894248608535, 97.8713339640492, 92.52988047808765, 97.21758486366166, 98.62068965517241, 94.09005628517824, 99.16267942583733, 94.59770114942529, 98.05045871559633, 97.05275730456003
Indoor_MinkUNeXt_seq2_gradients_pos_per_query16batch_size512_truncated_augonly_best_effects0.5pos0.7neg0.7voxel_size0.05height-0.25_20250322_1008 + epoch_ + 20, 93.28676755917733, 94.6938775510204, 86.09271523178808, 84.31274900398407, 89.70506399554814, 77.70114942528735, 69.23076923076923, 83.97129186602871, 74.82758620689656, 85.3211009174312, 83.91430709879309, 98.68063639891346, 99.51762523191094, 98.34437086092716, 92.52988047808765, 97.9966611018364, 98.85057471264368, 95.68480300187618, 98.80382775119617, 91.26436781609195, 98.5091743119266, 97.01819216654101
Indoor_MinkUNeXt_seq2_gradients_pos_per_query16batch_size512_truncated_augonly_best_effects0.5pos0.7neg0.7voxel_size0.05height-0.25_20250322_1008 + epoch_ + 30, 92.58828094683741, 95.91836734693877, 86.802270577105, 86.35458167330677, 92.7657206455203, 77.83908045977012, 68.66791744840526, 84.0909090909091, 73.33333333333333, 85.20642201834863, 84.35668835404746, 98.68063639891346, 99.59183673469387, 97.7767265846736, 93.77490039840637, 98.88703394546467, 98.39080459770115, 94.7936210131332, 99.28229665071771, 93.44827586206897, 98.5091743119266, 97.31353064976996
Indoor_MinkUNeXt_seq2_gradients_pos_per_query16batch_size512_truncated_augonly_best_effects0.5pos0.7neg0.7voxel_size0.05height-0.25_20250322_1008 + epoch_ + 40, 93.0151338766007, 95.80705009276438, 87.65373699148533, 85.95617529880478, 92.87701725097385, 76.8735632183908, 65.99437148217636, 85.64593301435407, 73.67816091954023, 86.12385321100918, 84.36249953560997, 98.68063639891346, 99.51762523191094, 98.10785241248817, 93.47609561752988, 99.61046188091264, 98.98850574712642, 94.93433395872421, 99.16267942583733, 92.98850574712644, 99.42660550458714, 97.48933019251567
Indoor_MinkUNeXt_seq2_gradients_pos_per_query16batch_size512_truncated_augonly_best_effects0.5pos0.7neg0.7voxel_size0.05height-0.25_20250322_1008 + epoch_ + 50, 92.51067132324408, 96.40074211502782, 89.30936613055819, 86.20517928286853, 93.65609348914859, 76.91954022988506, 68.48030018761726, 86.48325358851675, 73.67816091954023, 85.43577981651376, 84.90790870829203, 98.91346526969345, 99.5547309833024, 98.24976348155157, 93.12749003984064, 99.44351697273233, 98.62068965517241, 95.30956848030019, 98.68421052631578, 90.0, 98.39449541284404, 97.02979308217527
Indoor_MinkUNeXt_seq2_gradients_pos_per_query16batch_size512_truncated_augonly_best_effects0.5pos0.7neg0.7voxel_size0.05height-0.25_20250322_1008 + epoch_ + 60, 92.51067132324408, 96.1038961038961, 87.93755912961211, 86.35458167330677, 92.82136894824707, 76.36781609195403, 68.24577861163228, 86.96172248803828, 78.16091954022988, 86.69724770642202, 85.21615616165826, 98.68063639891346, 99.51762523191094, 97.7294228949858, 93.42629482071713, 99.10962715637173, 98.89655172413792, 95.82551594746717, 99.04306220095694, 94.48275862068965, 98.62385321100918, 97.53353482071599
Indoor_MinkUNeXt_seq2_gradients_pos_per_query16batch_size512_truncated_augonly_best_effects0.5pos0.7neg0.7voxel_size0.05height-0.25_20250322_1008 + epoch_ + 70, 93.28676755917733, 96.25231910946196, 87.84295175023652, 86.05577689243027, 92.87701725097385, 77.65517241379311, 67.4015009380863, 86.72248803827752, 80.57471264367815, 84.74770642201835, 85.34164130181334, 98.60302677532013, 99.51762523191094, 98.01324503311258, 93.42629482071713, 98.21925431274346, 98.80459770114942, 94.69981238273921, 99.52153110047847, 95.05747126436782, 98.73853211009175, 97.4601390732631
Indoor_MinkUNeXt_seq2_gradients_pos_per_query16batch_size512_truncated_augonly_best_effects0.5pos0.7neg0.7voxel_size0.05height-0.25_20250322_1008 + epoch_ + 80, 93.325572370974, 96.25231910946196, 88.88363292336803, 86.10557768924303, 94.04563160823595, 77.19540229885058, 69.32457786116323, 87.4401913875598, 76.0919540229885, 85.55045871559633, 85.42153179874416, 98.79705083430346, 99.59183673469387, 97.96594134342479, 92.43027888446214, 98.94268224819143, 98.71264367816092, 96.48217636022514, 98.80382775119617, 92.41379310344827, 98.73853211009175, 97.2878763048198
Indoor_MinkUNeXt_seq2_gradients_pos_per_query16batch_size512_truncated_augonly_best_effects0.5pos0.7neg0.7voxel_size0.05height-0.25_20250322_1008 + epoch_ + 90, 93.79123011253395, 96.14100185528757, 88.74172185430463, 86.25498007968127, 91.20756816917084, 78.48275862068965, 69.46529080675423, 88.75598086124403, 80.11494252873564, 85.09174311926606, 85.80472180076679, 98.83585564610011, 99.51762523191094, 97.918637653737, 92.67928286852589, 98.33055091819699, 98.75862068965517, 94.65290806754221, 98.80382775119617, 92.87356321839081, 98.62385321100918, 97.09947252562645
Indoor_MinkUNeXt_seq2_gradients_pos_per_query16batch_size512_truncated_augonly_best_effects0.5pos0.7neg0.7voxel_size0.05height-0.25_20250322_1008 + epoch_ + 100, 93.28676755917733, 96.3265306122449, 88.74172185430463, 85.70717131474103, 92.32053422370618, 77.74712643678161, 69.41838649155723, 86.24401913875597, 75.74712643678161, 84.97706422018348, 85.05164482882341, 99.10748932867676, 99.44341372912801, 98.34437086092716, 92.72908366533864, 97.10628825820812, 98.62068965517241, 94.8405253283302, 98.20574162679426, 92.52873563218391, 98.5091743119266, 96.94355123966861
Indoor_MinkUNeXt_seq2_gradients_pos_per_query16batch_size512_truncated_augonly_best_effects0.5pos0.7neg0.7voxel_size0.05height-0.25_20250322_1008 + epoch_ + 110, 93.13154831199068, 96.17810760667903, 89.0728476821192, 85.85657370517929, 93.87868670005565, 76.59770114942529, 66.93245778611632, 85.52631578947368, 75.86206896551724, 85.6651376146789, 84.87014453112353, 98.79705083430346, 99.48051948051948, 98.20245979186376, 92.92828685258964, 98.9983305509182, 98.62068965517241, 94.46529080675423, 99.16267942583733, 91.26436781609195, 98.05045871559633, 96.99701339296469
Indoor_MinkUNeXt_seq2_gradients_pos_per_query16batch_size512_truncated_augonly_best_effects0.5pos0.7neg0.7voxel_size0.05height-0.25_20250322_1008 + epoch_ + 120, 92.47186651144742, 96.17810760667903, 88.26868495742669, 87.0019920318725, 92.7657206455203, 77.28735632183908, 67.4953095684803, 86.00478468899522, 77.35632183908045, 84.74770642201835, 84.95778505933593, 98.79705083430346, 99.59183673469387, 98.43897824030275, 93.67529880478087, 99.22092376182526, 98.48275862068967, 94.93433395872421, 99.52153110047847, 93.2183908045977, 98.85321100917432, 97.47343138695706
Indoor_MinkUNeXt_seq2_gradients_pos_per_query16batch_size512_truncated_augonly_best_effects0.5pos0.7neg0.7voxel_size0.05height-0.25_20250322_1008 + epoch_ + 130, 93.05393868839737, 96.17810760667903, 89.49858088930937, 86.20517928286853, 94.82470784641069, 76.41379310344828, 69.55909943714822, 85.16746411483254, 77.35632183908045, 86.81192660550458, 85.50691194136792, 98.87466045789678, 99.44341372912801, 98.06054872280038, 92.0816733067729, 98.10795770728993, 98.52873563218391, 95.59099437148217, 98.32535885167464, 93.79310344827586, 98.05045871559633, 97.0856904943101
Indoor_MinkUNeXt_seq2_gradients_pos_per_query16batch_size512_truncated_augonly_best_effects0.5pos0.7neg0.7voxel_size0.05height-0.25_20250322_1008 + epoch_ + 140, 93.24796274738067, 96.5491651205937, 89.59318826868495, 86.20517928286853, 92.93266555370062, 77.33333333333333, 69.37148217636022, 85.28708133971293, 78.39080459770115, 86.69724770642202, 85.56081101267583, 98.71944121071013, 99.51762523191094, 98.20245979186376, 92.82868525896414, 99.10962715637173, 98.39080459770115, 95.30956848030019, 98.80382775119617, 93.33333333333333, 98.85321100917432, 97.30685838215258
Indoor_MinkUNeXt_seq2_gradients_pos_per_query16batch_size512_truncated_augonly_best_effects0.5pos0.7neg0.7voxel_size0.05height-0.25_20250322_1008 + epoch_ + 150, 93.7524253007373, 96.51205936920223, 89.73509933774835, 87.15139442231076, 91.81969949916528, 78.02298850574712, 69.37148217636022, 88.27751196172248, 73.9080459770115, 87.27064220183486, 85.58213487518401, 98.99107489328676, 99.59183673469387, 98.06054872280038, 93.32669322709162, 98.8313856427379, 98.75862068965517, 94.46529080675423, 98.56459330143541, 89.54022988505747, 98.96788990825688, 96.90981638117697
Indoor_MinkUNeXt_seq2_gradients_pos_per_query16batch_size512_truncated_augonly_best_effects0.5pos0.7neg0.7voxel_size0.05height-0.25_20250322_1008 + epoch_ + 160, 93.67481567714397, 96.06679035250464, 90.06622516556291, 86.50398406374502, 94.15692821368948, 77.19540229885058, 67.4953095684803, 83.61244019138756, 76.66666666666667, 83.25688073394495, 84.8695442931976, 98.83585564610011, 99.59183673469387, 98.01324503311258, 93.12749003984064, 99.8330550918197, 99.03448275862068, 94.37148217636022, 98.92344497607655, 91.60919540229885, 98.05045871559633, 97.13905465745195
Indoor_MinkUNeXt_seq2_gradients_pos_per_query16batch_size512_truncated_augonly_best_effects0.5pos0.7neg0.7voxel_size0.05height-0.25_20250322_1008 + epoch_ + 170, 92.7046953822274, 96.5491651205937, 89.59318826868495, 87.35059760956176, 92.04229271007233, 78.29885057471265, 66.51031894934334, 86.8421052631579, 75.51724137931033, 85.55045871559633, 85.09589139732608, 98.87466045789678, 99.5547309833024, 98.24976348155157, 92.97808764940238, 97.66277128547578, 98.66666666666667, 94.04315196998124, 98.68421052631578, 91.95402298850574, 98.62385321100918, 96.92919192201076
Indoor_MinkUNeXt_seq2_gradients_pos_per_query16batch_size512_truncated_augonly_best_effects0.5pos0.7neg0.7voxel_size0.05height-0.25_20250322_1008 + epoch_ + 180, 93.6360108653473, 96.2152133580705, 88.69441816461683, 86.75298804780877, 94.54646633277684, 77.65517241379311, 69.98123827392119, 84.33014354066985, 76.7816091954023, 85.89449541284404, 85.44877556052509, 99.18509895227008, 99.5547309833024, 98.24976348155157, 92.7788844621514, 99.38786867000556, 98.48275862068967, 95.45028142589118, 98.80382775119617, 93.33333333333333, 98.05045871559633, 97.32770063959876
Indoor_MinkUNeXt_seq2_gradients_pos_per_query16batch_size512_truncated_augonly_best_effects0.5pos0.7neg0.7voxel_size0.05height-0.25_20250322_1008 + epoch_ + 190, 92.66589057043073, 96.66048237476808, 89.59318826868495, 87.0019920318725, 93.43350027824151, 77.10344827586208, 66.51031894934334, 84.33014354066985, 74.71264367816092, 85.3211009174312, 84.73327088854651, 98.52541715172681, 99.5547309833024, 98.20245979186376, 93.42629482071713, 99.05397885364496, 98.29885057471265, 94.04315196998124, 98.32535885167464, 91.60919540229885, 98.73853211009175, 96.97779705100143
Indoor_MinkUNeXt_seq2_gradients_pos_per_query16batch_size512_truncated_augonly_best_effects0.5pos0.7neg0.7voxel_size0.05height-0.25_20250322_1008 + epoch_ + 200, 93.209157935584, 96.3265306122449, 89.68779564806056, 86.35458167330677, 95.21424596549805, 77.79310344827586, 68.76172607879924, 86.60287081339713, 73.44827586206897, 85.09174311926606, 85.24900311565014, 98.91346526969345, 99.51762523191094, 98.20245979186376, 93.07768924302789, 98.33055091819699, 98.20689655172414, 96.06003752345215, 97.72727272727273, 91.37931034482759, 98.05045871559633, 96.9465766317566


Indoor_MinkUNeXt_seq2_gradients_pos_per_query16batch_size512_truncated_augonly_best_effects0.5pos0.7neg0.7voxel_size0.05height-0.25_20250322_2010 + epoch_ + 1, 89.988358556461, 91.61410018552876, 80.22705771050141, 81.52390438247012, 86.03227601558152, 72.36781609195401, 73.54596622889305, 87.32057416267942, 77.47126436781609, 82.79816513761467, 82.28894828395, 96.81800543267364, 99.18367346938776, 95.55345316934721, 90.5378486055777, 95.60378408458541, 97.28735632183908, 94.18386491557223, 98.56459330143541, 93.33333333333333, 96.44495412844036, 95.75108667621922
Indoor_MinkUNeXt_seq2_gradients_pos_per_query16batch_size512_truncated_augonly_best_effects0.5pos0.7neg0.7voxel_size0.05height-0.25_20250322_2010 + epoch_ + 10, 90.2987970508343, 91.50278293135436, 81.12582781456953, 81.97211155378487, 88.75904284919311, 72.04597701149426, 73.68667917448406, 86.60287081339713, 76.55172413793103, 81.30733944954129, 82.3853152786584, 97.4000776096236, 99.33209647495362, 96.59413434247871, 91.13545816733067, 96.54980523094045, 97.33333333333334, 94.13696060037523, 98.68421052631578, 93.2183908045977, 96.3302752293578, 96.0714742319307
Indoor_MinkUNeXt_seq2_gradients_pos_per_query16batch_size512_truncated_augonly_best_effects0.5pos0.7neg0.7voxel_size0.05height-0.25_20250322_2312 + epoch_ + 1, 89.988358556461, 91.61410018552876, 80.22705771050141, 81.52390438247012, 86.03227601558152, 72.45977011494253, 73.59287054409006, 87.4401913875598, 77.47126436781609, 82.79816513761467, 82.3147958402566, 96.81800543267364, 99.18367346938776, 95.55345316934721, 90.58764940239044, 95.60378408458541, 97.28735632183908, 94.13696060037523, 98.56459330143541, 93.33333333333333, 96.44495412844036, 95.75137632438079
Indoor_MinkUNeXt_seq2_gradients_pos_per_query16batch_size512_truncated_augonly_best_effects0.5pos0.7neg0.7voxel_size0.05height-0.25_20250322_2312 + epoch_ + 2, 89.63911525029104, 92.24489795918367, 80.03784295175024, 82.66932270916335, 90.20589872008904, 73.33333333333333, 71.81050656660413, 86.8421052631579, 78.16091954022988, 80.5045871559633, 82.5448529449766, 97.12844392704696, 99.44341372912801, 96.8306527909177, 90.63745019920319, 98.8313856427379, 97.47126436781609, 94.51219512195121, 98.56459330143541, 93.79310344827586, 97.13302752293578, 96.4345530051448
Indoor_MinkUNeXt_seq2_gradients_pos_per_query16batch_size512_truncated_augonly_best_effects0.5pos0.7neg0.7voxel_size0.05height-0.25_20250322_2312 + epoch_ + 3, 90.99728366317423, 93.35807050092765, 83.34910122989592, 82.37051792828686, 88.48080133555926, 74.98850574712644, 72.84240150093808, 86.60287081339713, 79.77011494252874, 82.56880733944955, 83.53284750012838, 97.7105161039969, 99.62894248608535, 97.44560075685904, 91.43426294820716, 97.71841958820256, 97.83908045977012, 95.30956848030019, 99.04306220095694, 94.82758620689656, 97.24770642201835, 96.8204745653293
Indoor_MinkUNeXt_seq2_gradients_pos_per_query16batch_size512_truncated_augonly_best_effects0.5pos0.7neg0.7voxel_size0.05height-0.25_20250322_2312 + epoch_ + 4, 90.76445479239426, 92.83858998144713, 82.35572374645223, 81.32470119521913, 88.81469115191987, 74.52873563218391, 71.90431519699813, 86.60287081339713, 79.88505747126436, 84.63302752293578, 83.36521675042118, 98.6418315871168, 99.74025974025975, 97.49290444654683, 91.9820717131474, 97.94101279910963, 97.83908045977012, 96.34146341463415, 98.68421052631578, 94.02298850574712, 98.5091743119266, 97.11949975045741
Indoor_MinkUNeXt_seq2_gradients_pos_per_query16batch_size512_truncated_augonly_best_effects0.5pos0.7neg0.7voxel_size0.05height-0.25_20250322_2312 + epoch_ + 5, 91.26891734575088, 93.61781076066791, 85.14664143803216, 81.67330677290838, 87.86867000556484, 75.77011494252874, 71.62288930581614, 84.21052631578947, 79.54022988505747, 83.02752293577981, 83.37466297078956, 97.74932091579356, 99.62894248608535, 97.96594134342479, 92.0816733067729, 97.88536449638286, 98.34482758620689, 96.71669793621012, 99.28229665071771, 95.28735632183908, 98.62385321100918, 97.35662742544426
Indoor_MinkUNeXt_seq2_gradients_pos_per_query16batch_size512_truncated_augonly_best_effects0.5pos0.7neg0.7voxel_size0.05height-0.25_20250322_2312 + epoch_ + 6, 91.23011253395421, 94.02597402597402, 85.19394512771996, 81.42430278884463, 87.36783528102393, 76.0919540229885, 72.18574108818011, 83.85167464114832, 79.42528735632183, 83.4862385321101, 83.42830653982655, 97.67171129220024, 99.62894248608535, 98.10785241248817, 92.1812749003984, 97.71841958820256, 98.4367816091954, 96.81050656660413, 99.16267942583733, 94.59770114942529, 98.62385321100918, 97.2939722641446
Indoor_MinkUNeXt_seq2_gradients_pos_per_query16batch_size512_truncated_augonly_best_effects0.5pos0.7neg0.7voxel_size0.05height-0.25_20250322_2312 + epoch_ + 7, 91.30772215754753, 93.95176252319109, 85.19394512771996, 82.07171314741036, 87.86867000556484, 76.04597701149424, 72.18574108818011, 83.25358851674642, 79.42528735632183, 83.25688073394495, 83.45612876681214, 97.74932091579356, 99.59183673469387, 98.20245979186376, 92.23107569721115, 97.8297161936561, 98.29885057471265, 96.95121951219512, 99.28229665071771, 94.48275862068965, 98.62385321100918, 97.32433879025429
Indoor_MinkUNeXt_seq2_gradients_pos_per_query16batch_size512_truncated_augonly_best_effects0.5pos0.7neg0.7voxel_size0.05height-0.25_20250322_2312 + epoch_ + 8, 91.42413659293751, 93.69202226345084, 85.28855250709555, 82.5199203187251, 88.75904284919311, 75.95402298850574, 70.82551594746717, 83.85167464114832, 79.3103448275862, 83.71559633027523, 83.53408292663848, 97.78812572759023, 99.66604823747682, 98.29706717123936, 92.23107569721115, 97.9966611018364, 98.34482758620689, 96.38836772983115, 99.16267942583733, 94.13793103448276, 98.85321100917432, 97.28659947208862
Indoor_MinkUNeXt_seq2_gradients_pos_per_query16batch_size512_truncated_augonly_best_effects0.5pos0.7neg0.7voxel_size0.05height-0.25_20250322_2312 + epoch_ + 9, 91.38533178114086, 93.98886827458256, 85.61967833491012, 83.0179282868526, 88.2582081246522, 76.0, 71.10694183864915, 83.3732057416268, 79.42528735632183, 83.94495412844036, 83.61204038671767, 97.86573535118355, 99.66604823747682, 98.29706717123936, 92.2808764940239, 97.9966611018364, 98.34482758620689, 96.34146341463415, 99.28229665071771, 94.25287356321839, 98.27981651376146, 97.26076660842986
Indoor_MinkUNeXt_seq2_gradients_pos_per_query16batch_size512_truncated_augonly_best_effects0.5pos0.7neg0.7voxel_size0.05height-0.25_20250322_2312 + epoch_ + 10, 91.54055102832751, 94.1743970315399, 85.99810785241249, 83.16733067729083, 87.64607679465777, 76.13793103448275, 70.26266416510319, 84.33014354066985, 79.77011494252874, 83.4862385321101, 83.65135555991232, 98.0209545983702, 99.62894248608535, 98.29706717123936, 92.33067729083665, 97.94101279910963, 98.4367816091954, 95.91932457786116, 99.4019138755981, 94.02298850574712, 98.27981651376146, 97.22794794278045
Indoor_MinkUNeXt_seq2_gradients_pos_per_query16batch_size512_truncated_augonly_best_effects0.5pos0.7neg0.7voxel_size0.05height-0.25_20250322_2312 + epoch_ + 11, 91.54055102832751, 94.28571428571428, 85.9508041627247, 83.11752988047809, 88.20255982192543, 76.27586206896552, 70.4033771106942, 84.33014354066985, 79.65517241379311, 83.94495412844036, 83.7706668441733, 98.0209545983702, 99.62894248608535, 98.29706717123936, 92.23107569721115, 97.94101279910963, 98.4367816091954, 95.96622889305816, 99.4019138755981, 94.13793103448276, 98.39449541284404, 97.24564035771941
Indoor_MinkUNeXt_seq2_gradients_pos_per_query16batch_size512_truncated_augonly_best_effects0.5pos0.7neg0.7voxel_size0.05height-0.25_20250322_2312 + epoch_ + 12, 91.42413659293751, 94.21150278293136, 85.9035004730369, 83.2171314741036, 87.92431830829159, 76.36781609195403, 70.0750469043152, 84.0909090909091, 79.88505747126436, 83.4862385321101, 83.65856577218537, 97.98214978657353, 99.66604823747682, 98.34437086092716, 92.33067729083665, 97.88536449638286, 98.4367816091954, 96.06003752345215, 99.4019138755981, 94.25287356321839, 98.05045871559633, 97.24106759592573
Indoor_MinkUNeXt_seq2_gradients_pos_per_query16batch_size512_truncated_augonly_best_effects0.5pos0.7neg0.7voxel_size0.05height-0.25_20250322_2312 + epoch_ + 13, 91.54055102832751, 94.21150278293136, 86.09271523178808, 83.2171314741036, 88.36950473010573, 76.04597701149424, 70.1688555347092, 83.73205741626795, 79.54022988505747, 83.8302752293578, 83.6748800324143, 97.94334497477686, 99.62894248608535, 98.29706717123936, 92.33067729083665, 97.8297161936561, 98.29885057471265, 95.96622889305816, 99.4019138755981, 94.71264367816093, 98.5091743119266, 97.29185594500508
Indoor_MinkUNeXt_seq2_gradients_pos_per_query16batch_size512_truncated_augonly_best_effects0.5pos0.7neg0.7voxel_size0.05height-0.25_20250322_2312 + epoch_ + 14, 91.42413659293751, 94.24860853432281, 85.99810785241249, 83.16733067729083, 88.4251530328325, 76.183908045977, 70.1688555347092, 83.97129186602871, 79.88505747126436, 83.71559633027523, 83.71880459380509, 97.94334497477686, 99.66604823747682, 98.29706717123936, 92.33067729083665, 97.88536449638286, 98.34482758620689, 95.96622889305816, 99.4019138755981, 94.25287356321839, 98.1651376146789, 97.22534837034729
Indoor_MinkUNeXt_seq2_gradients_pos_per_query16batch_size512_truncated_augonly_best_effects0.5pos0.7neg0.7voxel_size0.05height-0.25_20250322_2312 + epoch_ + 15, 91.46294140473418, 94.24860853432281, 85.9035004730369, 83.16733067729083, 88.2582081246522, 76.183908045977, 70.59099437148217, 83.61244019138756, 79.77011494252874, 83.4862385321101, 83.66842852975225, 97.94334497477686, 99.70315398886828, 98.34437086092716, 92.2808764940239, 97.88536449638286, 98.34482758620689, 96.06003752345215, 99.4019138755981, 94.48275862068965, 98.39449541284404, 97.28411438337699

Indoor_MinkUNeXt_seq2_gradients_pos_per_query16batch_size512_truncated_augonly_best_effects0.5pos0.5neg0.5voxel_size0.05height-0.25_20250324_1113 + epoch_ + 1, 89.83313930927434, 90.12987012987013, 80.08514664143803, 80.52788844621513, 87.70172509738453, 73.6551724137931, 72.88930581613509, 82.77511961722487, 75.74712643678161, 80.5045871559633, 81.384908106408, 97.12844392704696, 98.77551020408163, 95.50614947965941, 89.39243027888446, 96.661101836394, 97.0574712643678, 93.05816135084429, 97.96650717703349, 93.2183908045977, 94.83944954128441, 95.36036158641942
Indoor_MinkUNeXt_seq2_gradients_pos_per_query16batch_size512_truncated_augonly_best_effects0.5pos0.5neg0.5voxel_size0.05height-0.25_20250324_1113 + epoch_ + 10, 91.6569654637175, 95.13914656771799, 86.75496688741721, 84.51195219123507, 85.19755147468003, 75.26436781609196, 68.94934333958724, 85.76555023923444, 79.54022988505747, 85.6651376146789, 83.84452114794178, 98.91346526969345, 99.74025974025975, 98.01324503311258, 92.33067729083665, 92.59877573734, 98.20689655172414, 95.1688555347092, 97.96650717703349, 93.33333333333333, 98.85321100917432, 96.5125226677217
Indoor_MinkUNeXt_seq2_gradients_pos_per_query16batch_size512_truncated_augonly_best_effects0.5pos0.5neg0.5voxel_size0.05height-0.25_20250324_1113 + epoch_ + 20, 92.66589057043073, 96.06679035250464, 88.50520340586566, 86.15537848605578, 89.70506399554814, 77.28735632183908, 67.6829268292683, 88.51674641148325, 78.62068965517241, 83.71559633027523, 84.89216423584432, 98.83585564610011, 99.51762523191094, 97.96594134342479, 92.67928286852589, 97.44017807456873, 98.06896551724138, 94.41838649155723, 98.32535885167464, 94.02298850574712, 98.73853211009175, 97.00131146408427
Indoor_MinkUNeXt_seq2_gradients_pos_per_query16batch_size512_truncated_augonly_best_effects0.5pos0.5neg0.5voxel_size0.05height-0.25_20250324_1113 + epoch_ + 30, 92.89871944121072, 96.06679035250464, 89.0728476821192, 85.2589641434263, 87.70172509738453, 76.6896551724138, 68.43339587242026, 89.11483253588517, 78.62068965517241, 84.74770642201835, 84.86053263745555, 98.87466045789678, 99.51762523191094, 98.06054872280038, 93.92430278884463, 92.87701725097385, 98.16091954022988, 95.68480300187618, 99.16267942583733, 94.02298850574712, 98.39449541284404, 96.86800403389611
Indoor_MinkUNeXt_seq2_gradients_pos_per_query16batch_size512_truncated_augonly_best_effects0.5pos0.5neg0.5voxel_size0.05height-0.25_20250324_1113 + epoch_ + 40, 92.85991462941404, 96.36363636363636, 89.0728476821192, 85.30876494023904, 88.03561491374514, 77.14942528735632, 69.27767354596624, 87.08133971291866, 80.6896551724138, 84.40366972477065, 85.02425419725793, 99.0686845168801, 99.48051948051948, 98.01324503311258, 93.22709163346613, 93.71174179187534, 98.39080459770115, 95.87242026266416, 99.28229665071771, 95.40229885057471, 99.08256880733946, 97.15316716248509
Indoor_MinkUNeXt_seq2_gradients_pos_per_query16batch_size512_truncated_augonly_best_effects0.5pos0.5neg0.5voxel_size0.05height-0.25_20250324_1113 + epoch_ + 50, 92.82110981761738, 96.28942486085343, 88.97824030274361, 85.00996015936255, 88.64774624373956, 77.19540229885058, 69.32457786116323, 86.96172248803828, 81.03448275862068, 84.97706422018348, 85.12397310111729, 99.0686845168801, 99.48051948051948, 98.01324503311258, 93.17729083665338, 93.82303839732889, 98.39080459770115, 96.06003752345215, 99.4019138755981, 95.51724137931035, 98.96788990825688, 97.19006655488131

Indoor_MinkUNeXt_seq2_gradients_pos_per_query16batch_size512_truncated_augonly_best_effects0.5pos0.5neg1.0voxel_size0.05height-0.25_20250324_1426 + epoch_ + 1, 90.104772991851, 89.9443413729128, 80.4635761589404, 80.02988047808765, 89.81636060100166, 73.19540229885058, 72.79549718574108, 81.57894736842105, 75.05747126436782, 78.6697247706422, 81.16559744908162, 97.24485836243694, 98.81261595547309, 95.93188268684958, 89.19322709163346, 97.16193656093489, 96.91954022988506, 92.87054409005628, 98.32535885167464, 91.49425287356323, 94.26605504587155, 95.22202717483786
Indoor_MinkUNeXt_seq2_gradients_pos_per_query16batch_size512_truncated_augonly_best_effects0.5pos0.5neg1.0voxel_size0.05height-0.25_20250324_1426 + epoch_ + 10, 92.27784245246411, 94.50834879406308, 84.15326395458845, 84.81075697211156, 87.590428491931, 75.63218390804597, 67.07317073170732, 85.4066985645933, 75.51724137931033, 82.33944954128441, 82.93093847900995, 98.52541715172681, 99.70315398886828, 98.01324503311258, 93.27689243027888, 95.60378408458541, 98.75862068965517, 94.51219512195121, 97.48803827751196, 92.87356321839081, 97.24770642201835, 96.60026164180995
Indoor_MinkUNeXt_seq2_gradients_pos_per_query16batch_size512_truncated_augonly_best_effects0.5pos0.5neg1.0voxel_size0.05height-0.25_20250324_1426 + epoch_ + 20, 93.17035312378735, 94.61966604823748, 84.95742667928099, 85.50796812749005, 87.0895937673901, 74.89655172413792, 64.39962476547842, 86.48325358851675, 77.35632183908045, 82.56880733944955, 83.1049567002849, 98.99107489328676, 99.51762523191094, 98.06054872280038, 93.77490039840637, 97.27323316638842, 98.62068965517241, 92.7298311444653, 97.84688995215312, 93.10344827586206, 98.27981651376146, 96.81980579542072
Indoor_MinkUNeXt_seq2_gradients_pos_per_query16batch_size512_truncated_augonly_best_effects0.5pos0.5neg1.0voxel_size0.05height-0.25_20250324_1426 + epoch_ + 30, 93.05393868839737, 94.73098330241187, 85.9035004730369, 86.85258964143426, 86.03227601558152, 75.63218390804597, 66.65103189493433, 84.688995215311, 78.16091954022988, 81.76605504587155, 83.34724737252546, 98.56422196352348, 99.62894248608535, 97.7767265846736, 93.67529880478087, 96.21591541457985, 98.25287356321839, 93.01125703564728, 99.04306220095694, 92.06896551724138, 97.70642201834863, 96.59436855890559
Indoor_MinkUNeXt_seq2_gradients_pos_per_query16batch_size512_truncated_augonly_best_effects0.5pos0.5neg1.0voxel_size0.05height-0.25_20250324_1426 + epoch_ + 40, 92.97632906480403, 95.2504638218924, 86.18732261116368, 86.90239043824701, 87.70172509738453, 76.50574712643679, 63.69606003752345, 84.21052631578947, 77.24137931034483, 82.45412844036697, 83.31260722639531, 98.60302677532013, 99.51762523191094, 97.68211920529801, 93.92430278884463, 97.60712298274903, 98.20689655172414, 91.51031894934334, 98.44497607655502, 92.29885057471265, 97.70642201834863, 96.55016611548065
Indoor_MinkUNeXt_seq2_gradients_pos_per_query16batch_size512_truncated_augonly_best_effects0.5pos0.5neg1.0voxel_size0.05height-0.25_20250324_1426 + epoch_ + 50, 92.97632906480403, 95.21335807050093, 86.23462630085147, 86.95219123505976, 87.47913188647746, 76.64367816091954, 63.930581613508444, 84.33014354066985, 77.93103448275862, 81.88073394495413, 83.35718083005042, 98.60302677532013, 99.51762523191094, 97.68211920529801, 94.02390438247012, 97.66277128547578, 98.29885057471265, 91.88555347091932, 98.44497607655502, 91.72413793103448, 97.47706422018348, 96.532002915388

Indoor_MinkUNeXt_seq2_gradients_pos_per_query16batch_size512_truncated_augonly_best_effects0.5pos0.5neg2.0voxel_size0.05height-0.25_20250324_1751 + epoch_ + 1, 90.02716336825767, 89.0909090909091, 78.28760643330179, 78.68525896414343, 85.86533110740122, 71.9080459770115, 71.01313320825517, 83.73205741626795, 74.82758620689656, 77.06422018348624, 80.05013119559305, 97.08963911525029, 98.99814471243043, 95.50614947965941, 89.09362549800797, 96.88369504730106, 96.45977011494253, 92.77673545966229, 97.48803827751196, 91.83908045977012, 95.52752293577981, 95.16624011003157
Indoor_MinkUNeXt_seq2_gradients_pos_per_query16batch_size512_truncated_augonly_best_effects0.5pos0.5neg2.0voxel_size0.05height-0.25_20250324_1751 + epoch_ + 10, 91.50174621653086, 92.65306122448979, 79.4228949858089, 82.4203187250996, 84.69671675013912, 73.60919540229885, 61.491557223264536, 85.4066985645933, 76.66666666666667, 81.42201834862385, 80.92908741075154, 98.9522700814901, 99.5547309833024, 97.30368968779565, 92.72908366533864, 98.9983305509182, 98.20689655172414, 90.75984990619136, 97.48803827751196, 91.14942528735632, 96.67431192660551, 96.18166269182342
Indoor_MinkUNeXt_seq2_gradients_pos_per_query16batch_size512_truncated_augonly_best_effects0.5pos0.5neg2.0voxel_size0.05height-0.25_20250324_1751 + epoch_ + 20, 91.50174621653086, 93.09833024118738, 80.84200567644277, 83.76494023904382, 88.59209794101281, 75.17241379310344, 61.53846153846154, 86.60287081339713, 73.79310344827587, 81.65137614678899, 81.65573460542444, 99.41792782305005, 99.59183673469387, 97.7294228949858, 92.92828685258964, 97.8297161936561, 98.48275862068967, 90.75984990619136, 97.36842105263158, 90.57471264367815, 96.55963302752293, 96.12425657496891
Indoor_MinkUNeXt_seq2_gradients_pos_per_query16batch_size512_truncated_augonly_best_effects0.5pos0.5neg2.0voxel_size0.05height-0.25_20250324_1751 + epoch_ + 30, 91.3465269693442, 94.06307977736549, 79.80132450331125, 84.26294820717132, 90.929326655537, 75.54022988505747, 61.444652908067546, 82.53588516746412, 69.77011494252874, 84.51834862385321, 81.42124376397003, 99.26270857586341, 99.51762523191094, 97.58751182592242, 91.88247011952191, 99.10962715637173, 98.66666666666667, 89.07129455909943, 97.60765550239235, 84.94252873563218, 97.24770642201835, 95.48957947953996
Indoor_MinkUNeXt_seq2_gradients_pos_per_query16batch_size512_truncated_augonly_best_effects0.5pos0.5neg2.0voxel_size0.05height-0.25_20250324_1751 + epoch_ + 40, 91.9674039580908, 93.98886827458256, 81.31504257332071, 84.36254980079681, 90.2615470228158, 75.58620689655172, 61.257035647279544, 83.49282296650718, 73.9080459770115, 84.40366972477065, 82.05431928417273, 99.30151338766007, 99.51762523191094, 97.63481551561021, 92.03187250996015, 98.49749582637729, 98.66666666666667, 89.11819887429644, 97.84688995215312, 89.19540229885058, 97.36238532110092, 95.91728655845864
Indoor_MinkUNeXt_seq2_gradients_pos_per_query16batch_size512_truncated_augonly_best_effects0.5pos0.5neg2.0voxel_size0.05height-0.25_20250324_1751 + epoch_ + 50, 91.88979433449748, 93.91465677179963, 81.17313150425733, 84.26294820717132, 90.2615470228158, 75.816091954023, 61.257035647279544, 83.25358851674642, 74.02298850574712, 84.63302752293578, 82.04848099872734, 99.26270857586341, 99.51762523191094, 97.8713339640492, 92.03187250996015, 98.38619922092377, 98.62068965517241, 89.30581613508443, 97.84688995215312, 89.3103448275862, 97.24770642201835, 95.94011864947221

Indoor_MinkUNeXt_seq2_gradients_pos_per_query16batch_size512_truncated_augonly_best_effects0.5pos0.5neg5.0voxel_size0.05height-0.25_20250324_2116 + epoch_ + 1, 89.28987194412107, 89.16512059369202, 77.43614001892148, 79.8804780876494, 86.2548692264886, 72.59770114942529, 68.99624765478424, 81.9377990430622, 73.5632183908046, 75.3440366972477, 79.44654828061967, 97.4000776096236, 99.10946196660483, 95.26963103122044, 89.59163346613546, 96.32721202003339, 96.22988505747126, 92.96435272045028, 97.84688995215312, 91.72413793103448, 94.72477064220183, 95.11880523969288
Indoor_MinkUNeXt_seq2_gradients_pos_per_query16batch_size512_truncated_augonly_best_effects0.5pos0.5neg5.0voxel_size0.05height-0.25_20250324_2116 + epoch_ + 10, 89.79433449747769, 91.94805194805194, 78.42951750236519, 83.26693227091634, 84.25153032832499, 74.4367816091954, 62.2420262664165, 81.57894736842105, 69.54022988505747, 78.44036697247707, 79.39287186487036, 98.91346526969345, 99.70315398886828, 96.07379375591296, 92.5796812749004, 96.21591541457985, 97.10344827586206, 92.87054409005628, 97.36842105263158, 88.96551724137932, 94.03669724770643, 95.38306376115906
Indoor_MinkUNeXt_seq2_gradients_pos_per_query16batch_size512_truncated_augonly_best_effects0.5pos0.5neg5.0voxel_size0.05height-0.25_20250324_2116 + epoch_ + 20, 89.3674815677144, 92.91280148423006, 73.46263008514664, 82.2211155378486, 86.58875904284919, 74.48275862068967, 62.05440900562852, 80.86124401913875, 70.91954022988506, 79.58715596330275, 79.24578955564337, 99.34031819945673, 99.81447124304268, 95.41154210028382, 91.53386454183267, 95.65943238731218, 97.24137931034483, 90.85365853658537, 96.65071770334929, 89.3103448275862, 94.38073394495413, 95.01964627947478

Indoor_MinkUNeXt_seq2_gradients_pos_per_query16batch_size512_truncated_augonly_best_effects0.5pos0.5neg0.5voxel_size0.05height-0.25_20250324_2340 + epoch_ + 1, 89.83313930927434, 90.12987012987013, 80.13245033112582, 80.57768924302789, 87.70172509738453, 73.6551724137931, 72.88930581613509, 82.77511961722487, 75.86206896551724, 80.5045871559633, 81.40611280793162, 97.12844392704696, 98.77551020408163, 95.45884578997162, 89.39243027888446, 96.661101836394, 97.0574712643678, 93.01125703564728, 97.96650717703349, 93.2183908045977, 94.83944954128441, 95.35094078593093
Indoor_MinkUNeXt_seq2_gradients_pos_per_query16batch_size512_truncated_augonly_best_effects0.5pos0.5neg0.5voxel_size0.05height-0.25_20250324_2340 + epoch_ + 10, 91.46294140473418, 94.91651205936921, 86.70766319772942, 85.00996015936255, 86.64440734557596, 75.86206896551724, 69.18386491557223, 87.4401913875598, 80.0, 84.28899082568807, 84.15166002611087, 98.87466045789678, 99.62894248608535, 98.15515610217597, 92.0816733067729, 92.7657206455203, 98.02298850574712, 94.98123827392119, 97.72727272727273, 93.10344827586206, 98.5091743119266, 96.3850275093181
Indoor_MinkUNeXt_seq2_gradients_pos_per_query16batch_size512_truncated_augonly_best_effects0.5pos0.5neg0.5voxel_size0.05height-0.25_20250324_2340 + epoch_ + 20, 92.47186651144742, 96.28942486085343, 88.41059602649007, 85.85657370517929, 89.92765720645521, 77.10344827586208, 69.37148217636022, 85.16746411483254, 79.42528735632183, 84.74770642201835, 84.87715066558205, 98.71944121071013, 99.62894248608535, 98.29706717123936, 92.5796812749004, 95.82637729549248, 98.48275862068967, 95.45028142589118, 97.72727272727273, 95.28735632183908, 98.73853211009175, 97.07377106442121
Indoor_MinkUNeXt_seq2_gradients_pos_per_query16batch_size512_truncated_augonly_best_effects0.5pos0.5neg0.5voxel_size0.05height-0.25_20250324_2340 + epoch_ + 30, 92.62708575863408, 96.1038961038961, 89.64049195837275, 85.70717131474103, 87.97996661101837, 76.8735632183908, 70.30956848030019, 85.76555023923444, 77.93103448275862, 84.40366972477065, 84.73419978921171, 98.83585564610011, 99.5547309833024, 97.7767265846736, 93.72509960159363, 93.26655537006121, 97.97701149425288, 93.71482176360225, 99.28229665071771, 93.44827586206897, 99.42660550458714, 96.70079794609599
Indoor_MinkUNeXt_seq2_gradients_pos_per_query16batch_size512_truncated_augonly_best_effects0.5pos0.5neg0.5voxel_size0.05height-0.25_20250324_2340 + epoch_ + 40, 92.58828094683741, 96.2152133580705, 89.120151371807, 85.20916334661355, 89.03728436282692, 78.02298850574712, 69.51219512195121, 86.72248803827752, 80.22988505747126, 86.0091743119266, 85.26668244215293, 98.83585564610011, 99.5547309833024, 97.96594134342479, 92.03187250996015, 93.98998330550918, 98.25287356321839, 94.27767354596624, 98.92344497607655, 95.28735632183908, 98.85321100917432, 96.79729432045711
Indoor_MinkUNeXt_seq2_gradients_pos_per_query16batch_size512_truncated_augonly_best_effects0.5pos0.5neg0.5voxel_size0.05height-0.25_20250324_2340 + epoch_ + 50, 92.66589057043073, 96.5491651205937, 90.1135288552507, 85.30876494023904, 87.03394546466333, 77.83908045977012, 66.69793621013133, 87.08133971291866, 81.26436781609195, 85.89449541284404, 85.04485145629337, 99.10748932867676, 99.5547309833024, 98.06054872280038, 93.02788844621513, 94.21257651641625, 98.34482758620689, 94.60600375234522, 99.52153110047847, 95.97701149425288, 98.73853211009175, 97.11511400407862
Indoor_MinkUNeXt_seq2_gradients_pos_per_query16batch_size512_truncated_augonly_best_effects0.5pos0.5neg0.5voxel_size0.05height-0.25_20250324_2340 + epoch_ + 60, 93.71362048894063, 96.43784786641929, 89.73509933774835, 84.81075697211156, 86.9226488592098, 78.11494252873563, 69.8405253283302, 87.79904306220095, 80.11494252873564, 87.95871559633028, 85.54481425687624, 99.14629414047343, 99.51762523191094, 97.96594134342479, 93.02788844621513, 92.71007234279355, 98.34482758620689, 95.1219512195122, 99.16267942583733, 96.20689655172414, 99.6559633027523, 97.08601395908507
Indoor_MinkUNeXt_seq2_gradients_pos_per_query16batch_size512_truncated_augonly_best_effects0.5pos0.5neg0.5voxel_size0.05height-0.25_20250324_2340 + epoch_ + 70, 93.17035312378735, 96.40074211502782, 89.0728476821192, 85.55776892430279, 90.03895381190874, 77.24137931034483, 69.93433395872421, 87.32057416267942, 82.64367816091955, 86.23853211009175, 85.76191633599058, 98.79705083430346, 99.51762523191094, 97.63481551561021, 93.77490039840637, 97.21758486366166, 98.39080459770115, 94.8874296435272, 99.52153110047847, 95.7471264367816, 98.96788990825688, 97.4456758530638
Indoor_MinkUNeXt_seq2_gradients_pos_per_query16batch_size512_truncated_augonly_best_effects0.5pos0.5neg0.5voxel_size0.05height-0.25_20250324_2340 + epoch_ + 80, 92.74350019402407, 96.40074211502782, 89.45127719962157, 85.00996015936255, 88.98163606010017, 77.70114942528735, 70.0281425891182, 86.36363636363636, 81.49425287356323, 85.09174311926606, 85.32660400990075, 98.99107489328676, 99.62894248608535, 97.58751182592242, 91.53386454183267, 95.15859766277129, 98.80459770114942, 95.82551594746717, 98.68421052631578, 94.94252873563218, 98.39449541284404, 96.9551339733307
Indoor_MinkUNeXt_seq2_gradients_pos_per_query16batch_size512_truncated_augonly_best_effects0.5pos0.5neg0.5voxel_size0.05height-0.25_20250324_2340 + epoch_ + 90, 93.44198680636399, 96.92022263450835, 90.44465468306528, 84.91035856573706, 88.31385642737897, 77.19540229885058, 69.46529080675423, 88.8755980861244, 82.64367816091955, 86.12385321100918, 85.83349016807115, 98.9522700814901, 99.62894248608535, 98.01324503311258, 91.9820717131474, 94.49081803005008, 98.06896551724138, 95.1219512195122, 99.52153110047847, 96.43678160919539, 98.96788990825688, 97.11844666985698
Indoor_MinkUNeXt_seq2_gradients_pos_per_query16batch_size512_truncated_augonly_best_effects0.5pos0.5neg0.5voxel_size0.05height-0.25_20250324_2340 + epoch_ + 100, 92.47186651144742, 96.5491651205937, 90.82308420056765, 86.15537848605578, 87.590428491931, 77.28735632183908, 69.7936210131332, 87.79904306220095, 82.29885057471265, 85.43577981651376, 85.62045735989953, 98.9522700814901, 99.51762523191094, 98.15515610217597, 93.07768924302789, 94.88035614913744, 98.62068965517241, 94.8874296435272, 99.64114832535886, 95.97701149425288, 98.5091743119266, 97.22185502379803
Indoor_MinkUNeXt_seq2_gradients_pos_per_query16batch_size512_truncated_augonly_best_effects0.5pos0.5neg0.5voxel_size0.05height-0.25_20250324_2340 + epoch_ + 110, 92.04501358168413, 96.2152133580705, 89.2620624408704, 84.56175298804781, 87.2565386755704, 76.183908045977, 69.32457786116323, 86.00478468899522, 78.62068965517241, 86.69724770642202, 84.6171789001973, 99.10748932867676, 99.62894248608535, 97.96594134342479, 92.67928286852589, 92.20923761825264, 98.16091954022988, 94.8405253283302, 98.80382775119617, 94.36781609195403, 98.39449541284404, 96.61584777695198
Indoor_MinkUNeXt_seq2_gradients_pos_per_query16batch_size512_truncated_augonly_best_effects0.5pos0.5neg0.5voxel_size0.05height-0.25_20250324_2340 + epoch_ + 120, 92.74350019402407, 96.28942486085343, 90.06622516556291, 84.81075697211156, 88.48080133555926, 78.16091954022988, 71.10694183864915, 88.63636363636364, 81.14942528735632, 85.6651376146789, 85.7109496445389, 99.14629414047343, 99.5547309833024, 98.06054872280038, 92.5796812749004, 95.65943238731218, 98.39080459770115, 95.21575984990619, 98.68421052631578, 95.05747126436782, 98.73853211009175, 97.10874658571716
Indoor_MinkUNeXt_seq2_gradients_pos_per_query16batch_size512_truncated_augonly_best_effects0.5pos0.5neg0.5voxel_size0.05height-0.25_20250324_2340 + epoch_ + 130, 93.40318199456733, 96.3265306122449, 90.87038789025544, 84.31274900398407, 89.14858096828047, 76.96551724137932, 70.1688555347092, 87.20095693779905, 81.95402298850574, 86.35321100917432, 85.67039941808999, 99.0686845168801, 99.59183673469387, 98.20245979186376, 92.72908366533864, 95.15859766277129, 98.4367816091954, 95.68480300187618, 99.4019138755981, 96.20689655172414, 98.96788990825688, 97.34489473181983
Indoor_MinkUNeXt_seq2_gradients_pos_per_query16batch_size512_truncated_augonly_best_effects0.5pos0.5neg0.5voxel_size0.05height-0.25_20250324_2340 + epoch_ + 140, 92.93752425300738, 96.36363636363636, 90.77578051087984, 84.66135458167331, 88.81469115191987, 77.51724137931035, 69.55909943714822, 88.75598086124403, 78.85057471264368, 85.20642201834863, 85.34423052698116, 98.7582460225068, 99.59183673469387, 98.29706717123936, 92.67928286852589, 94.82470784641069, 98.57471264367817, 95.49718574108817, 99.16267942583733, 94.02298850574712, 98.39449541284404, 96.98032023725713
Indoor_MinkUNeXt_seq2_gradients_pos_per_query16batch_size512_truncated_augonly_best_effects0.5pos0.5neg0.5voxel_size0.05height-0.25_20250324_2340 + epoch_ + 150, 93.0151338766007, 96.66048237476808, 90.39735099337747, 85.65737051792829, 90.20589872008904, 76.36781609195403, 70.45028142589118, 88.1578947368421, 81.95402298850574, 86.23853211009175, 85.91047838360484, 99.18509895227008, 99.59183673469387, 98.39167455061495, 93.27689243027888, 95.77072899276573, 98.11494252873563, 94.7936210131332, 99.64114832535886, 95.97701149425288, 98.96788990825688, 97.3710844930361
Indoor_MinkUNeXt_seq2_gradients_pos_per_query16batch_size512_truncated_augonly_best_effects0.5pos0.5neg0.5voxel_size0.05height-0.25_20250324_2340 + epoch_ + 160, 93.6360108653473, 96.69758812615954, 90.35004730368968, 85.10956175298804, 89.48247078464107, 77.05747126436782, 71.99812382739212, 88.1578947368421, 80.80459770114943, 86.23853211009175, 85.95322984726688, 99.10748932867676, 99.51762523191094, 98.29706717123936, 93.37649402390437, 95.82637729549248, 98.34482758620689, 95.63789868667918, 99.4019138755981, 95.7471264367816, 98.73853211009175, 97.39953517465815
Indoor_MinkUNeXt_seq2_gradients_pos_per_query16batch_size512_truncated_augonly_best_effects0.5pos0.5neg0.5voxel_size0.05height-0.25_20250324_2340 + epoch_ + 170, 93.67481567714397, 96.58627087198516, 91.24881740775781, 85.40836653386454, 89.64941569282136, 77.74712643678161, 72.13883677298311, 88.27751196172248, 82.64367816091955, 85.89449541284404, 86.32693349288236, 99.02987970508343, 99.5547309833024, 98.20245979186376, 93.22709163346613, 95.49248747913188, 98.39080459770115, 95.63789868667918, 99.52153110047847, 95.40229885057471, 98.85321100917432, 97.33123938374555
Indoor_MinkUNeXt_seq2_gradients_pos_per_query16batch_size512_truncated_augonly_best_effects0.5pos0.5neg0.5voxel_size0.05height-0.25_20250324_2340 + epoch_ + 180, 93.71362048894063, 96.69758812615954, 90.72847682119205, 85.60756972111554, 89.7607122982749, 77.88505747126436, 72.74859287054409, 87.5598086124402, 81.37931034482759, 86.35321100917432, 86.24339477639332, 99.02987970508343, 99.5547309833024, 98.10785241248817, 93.27689243027888, 96.04897050639956, 98.39080459770115, 95.91932457786116, 99.52153110047847, 95.86206896551724, 99.19724770642202, 97.49093029855325
Indoor_MinkUNeXt_seq2_gradients_pos_per_query16batch_size512_truncated_augonly_best_effects0.5pos0.5neg0.5voxel_size0.05height-0.25_20250324_2340 + epoch_ + 190, 93.59720605355064, 96.66048237476808, 90.68117313150425, 85.35856573705179, 89.7607122982749, 77.74712643678161, 72.09193245778611, 87.5598086124402, 81.26436781609195, 85.89449541284404, 86.06158703310935, 99.02987970508343, 99.5547309833024, 98.15515610217597, 93.22709163346613, 95.93767390094602, 98.4367816091954, 95.77861163227017, 99.52153110047847, 95.86206896551724, 99.08256880733946, 97.45860944397748
Indoor_MinkUNeXt_seq2_gradients_pos_per_query16batch_size512_truncated_augonly_best_effects0.5pos0.5neg0.5voxel_size0.05height-0.25_20250324_2340 + epoch_ + 200, 93.71362048894063, 96.69758812615954, 90.49195837275307, 85.30876494023904, 89.87200890372844, 77.74712643678161, 72.5609756097561, 88.1578947368421, 81.60919540229885, 85.55045871559633, 86.17095917330956, 99.0686845168801, 99.5547309833024, 98.15515610217597, 93.17729083665338, 95.93767390094602, 98.34482758620689, 95.45028142589118, 99.64114832535886, 95.86206896551724, 99.31192660550458, 97.45037892484365

Indoor_MinkUNeXt_seq2_gradients_pos_per_query16batch_size512_truncated_augonly_best_effects0.5pos0.4neg0.4voxel_size0.05height-0.25_20250325_0950 + epoch_ + 1, 89.988358556461, 90.12987012987013, 79.28098391674551, 81.12549800796812, 88.70339454646633, 73.60919540229885, 72.18574108818011, 84.688995215311, 79.54022988505747, 81.42201834862385, 82.06742850969823, 96.58517656189368, 98.73840445269016, 94.5600756859035, 89.64143426294821, 96.661101836394, 96.9655172413793, 93.76172607879924, 97.84688995215312, 93.67816091954023, 96.21559633027523, 95.46540833219767
Indoor_MinkUNeXt_seq2_gradients_pos_per_query16batch_size512_truncated_augonly_best_effects0.5pos0.4neg0.4voxel_size0.05height-0.25_20250325_0950 + epoch_ + 10, 91.54055102832751, 94.58256029684601, 87.32261116367077, 84.11354581673307, 90.2615470228158, 76.6896551724138, 70.59099437148217, 84.92822966507177, 75.63218390804597, 83.14220183486239, 83.88040802802692, 98.9522700814901, 99.77736549165121, 97.96594134342479, 92.23107569721115, 98.8313856427379, 97.79310344827586, 96.52908067542214, 98.92344497607655, 94.59770114942529, 98.62385321100918, 97.42252217167243
Indoor_MinkUNeXt_seq2_gradients_pos_per_query16batch_size512_truncated_augonly_best_effects0.5pos0.4neg0.4voxel_size0.05height-0.25_20250325_0950 + epoch_ + 20, 92.62708575863408, 95.8812615955473, 89.68779564806056, 85.10956175298804, 92.98831385642737, 77.19540229885058, 73.35834896810508, 87.5598086124402, 82.41379310344827, 85.55045871559633, 86.23718303100978, 99.14629414047343, 99.62894248608535, 98.20245979186376, 91.38446215139442, 99.27657206455203, 97.93103448275862, 96.81050656660413, 99.4019138755981, 96.89655172413794, 99.19724770642202, 97.78759849898896
Indoor_MinkUNeXt_seq2_gradients_pos_per_query16batch_size512_truncated_augonly_best_effects0.5pos0.4neg0.4voxel_size0.05height-0.25_20250325_0950 + epoch_ + 30, 93.209157935584, 95.65862708719851, 90.68117313150425, 86.60358565737052, 93.26655537006121, 77.79310344827586, 70.1219512195122, 87.67942583732058, 79.08045977011494, 85.89449541284404, 85.9988534869786, 99.3791230112534, 99.5547309833024, 98.10785241248817, 92.3804780876494, 99.10962715637173, 98.48275862068967, 96.10694183864915, 99.16267942583733, 94.59770114942529, 98.5091743119266, 97.53910669975932
Indoor_MinkUNeXt_seq2_gradients_pos_per_query16batch_size512_truncated_augonly_best_effects0.5pos0.4neg0.4voxel_size0.05height-0.25_20250325_0950 + epoch_ + 40, 93.90764454792394, 96.02968460111317, 90.01892147587512, 87.35059760956176, 92.15358931552588, 77.51724137931035, 69.74671669793621, 89.83253588516746, 79.77011494252874, 86.12385321100918, 86.24508996659519, 99.26270857586341, 99.5547309833024, 98.34437086092716, 91.73306772908366, 97.8297161936561, 97.97701149425288, 95.4033771106942, 99.76076555023924, 95.17241379310344, 99.54128440366972, 97.45794466947923
Indoor_MinkUNeXt_seq2_gradients_pos_per_query16batch_size512_truncated_augonly_best_effects0.5pos0.4neg0.4voxel_size0.05height-0.25_20250325_0950 + epoch_ + 50, 92.85991462941404, 96.14100185528757, 91.05960264900662, 86.10557768924303, 91.76405119643852, 78.4367816091954, 67.54221388367729, 87.4401913875598, 81.49425287356323, 85.55045871559633, 85.8394046488982, 99.30151338766007, 99.5547309833024, 98.29706717123936, 91.7828685258964, 98.72008903728437, 98.39080459770115, 95.1219512195122, 98.32535885167464, 94.02298850574712, 99.08256880733946, 97.25999410873571
Indoor_MinkUNeXt_seq2_gradients_pos_per_query16batch_size512_truncated_augonly_best_effects0.5pos0.4neg0.4voxel_size0.05height-0.25_20250325_0950 + epoch_ + 60, 93.48079161816065, 96.36363636363636, 90.87038789025544, 85.4581673306773, 90.48414023372288, 78.29885057471265, 66.83864915572232, 87.67942583732058, 78.50574712643679, 85.43577981651376, 85.34155759471587, 99.14629414047343, 99.62894248608535, 98.24976348155157, 91.9820717131474, 97.27323316638842, 98.52873563218391, 94.41838649155723, 99.64114832535886, 94.48275862068965, 98.85321100917432, 97.22045450666101
Indoor_MinkUNeXt_seq2_gradients_pos_per_query16batch_size512_truncated_augonly_best_effects0.5pos0.4neg0.4voxel_size0.05height-0.25_20250325_0950 + epoch_ + 70, 94.45091191307722, 96.25231910946196, 91.10690633869442, 86.15537848605578, 93.21090706733445, 77.79310344827586, 65.85365853658537, 89.71291866028707, 78.73563218390804, 86.23853211009175, 85.9510267853772, 99.0686845168801, 99.5547309833024, 98.20245979186376, 91.68326693227091, 97.60712298274903, 98.34482758620689, 93.71482176360225, 99.16267942583733, 94.71264367816093, 99.08256880733946, 97.1133806468213
Indoor_MinkUNeXt_seq2_gradients_pos_per_query16batch_size512_truncated_augonly_best_effects0.5pos0.4neg0.4voxel_size0.05height-0.25_20250325_0950 + epoch_ + 80, 94.3733022894839, 96.28942486085343, 91.48533585619678, 86.05577689243027, 91.70840289371174, 77.88505747126436, 67.82363977485929, 89.23444976076556, 81.26436781609195, 86.0091743119266, 86.2128931927584, 99.18509895227008, 99.62894248608535, 98.24976348155157, 91.7828685258964, 97.27323316638842, 98.85057471264368, 94.37148217636022, 99.28229665071771, 94.13793103448276, 99.19724770642202, 97.19594388928184
Indoor_MinkUNeXt_seq2_gradients_pos_per_query16batch_size512_truncated_augonly_best_effects0.5pos0.4neg0.4voxel_size0.05height-0.25_20250325_0950 + epoch_ + 90, 93.59720605355064, 96.43784786641929, 91.53263954588458, 86.05577689243027, 95.04730105731775, 78.4367816091954, 66.60412757973734, 88.75598086124403, 79.42528735632183, 85.89449541284404, 86.1787444234945, 99.10748932867676, 99.5547309833024, 98.34437086092716, 92.1812749003984, 98.05230940456316, 98.66666666666667, 93.85553470919325, 99.52153110047847, 94.02298850574712, 99.08256880733946, 97.23894652672928
Indoor_MinkUNeXt_seq2_gradients_pos_per_query16batch_size512_truncated_augonly_best_effects0.5pos0.4neg0.4voxel_size0.05height-0.25_20250325_0950 + epoch_ + 100, 94.21808304229724, 96.2152133580705, 92.10028382213812, 85.95617529880478, 92.71007234279355, 78.3448275862069, 69.93433395872421, 87.4401913875598, 80.45977011494253, 84.28899082568807, 86.16679417372258, 99.26270857586341, 99.51762523191094, 98.43897824030275, 92.72908366533864, 98.10795770728993, 98.80459770114942, 95.49718574108817, 99.4019138755981, 93.90804597701148, 99.31192660550458, 97.49800233210576
Indoor_MinkUNeXt_seq2_gradients_pos_per_query16batch_size512_truncated_augonly_best_effects0.5pos0.4neg0.4voxel_size0.05height-0.25_20250325_0950 + epoch_ + 110, 93.24796274738067, 96.06679035250464, 91.62724692526018, 86.35458167330677, 93.7673900946021, 80.04597701149424, 69.27767354596624, 89.11483253588517, 79.19540229885057, 85.6651376146789, 86.43629947999294, 99.22390376406675, 99.5547309833024, 98.24976348155157, 92.52988047808765, 97.8297161936561, 99.17241379310346, 94.37148217636022, 99.76076555023924, 92.64367816091954, 99.31192660550458, 97.26482611867917
Indoor_MinkUNeXt_seq2_gradients_pos_per_query16batch_size512_truncated_augonly_best_effects0.5pos0.4neg0.4voxel_size0.05height-0.25_20250325_0950 + epoch_ + 120, 94.33449747768722, 96.5491651205937, 92.05298013245033, 87.84860557768924, 93.54479688369504, 78.85057471264368, 68.71482176360225, 88.99521531100478, 78.27586206896552, 85.89449541284404, 86.50610144611758, 99.26270857586341, 99.62894248608535, 98.39167455061495, 92.43027888446214, 98.6644407345576, 98.98850574712642, 94.09005628517824, 98.92344497607655, 93.44827586206897, 98.85321100917432, 97.26815391112079
Indoor_MinkUNeXt_seq2_gradients_pos_per_query16batch_size512_truncated_augonly_best_effects0.5pos0.4neg0.4voxel_size0.05height-0.25_20250325_0950 + epoch_ + 130, 94.60613116026387, 96.14100185528757, 91.10690633869442, 86.55378486055777, 93.09961046188091, 79.63218390804597, 68.48030018761726, 88.99521531100478, 81.49425287356323, 85.77981651376146, 86.58892034706773, 99.3791230112534, 99.62894248608535, 98.15515610217597, 91.58366533864542, 98.33055091819699, 98.66666666666667, 93.62101313320825, 99.52153110047847, 93.44827586206897, 99.42660550458714, 97.17615301233666
Indoor_MinkUNeXt_seq2_gradients_pos_per_query16batch_size512_truncated_augonly_best_effects0.5pos0.4neg0.4voxel_size0.05height-0.25_20250325_0950 + epoch_ + 140, 93.9464493597206, 96.02968460111317, 92.00567644276254, 87.05179282868527, 93.9343350027824, 78.52873563218391, 68.80863039399625, 88.51674641148325, 79.65517241379311, 86.69724770642202, 86.51744707929427, 99.26270857586341, 99.59183673469387, 97.96594134342479, 91.53386454183267, 98.33055091819699, 98.4367816091954, 95.30956848030019, 99.88038277511961, 93.90804597701148, 99.31192660550458, 97.3531607561143
Indoor_MinkUNeXt_seq2_gradients_pos_per_query16batch_size512_truncated_augonly_best_effects0.5pos0.4neg0.4voxel_size0.05height-0.25_20250325_0950 + epoch_ + 150, 93.7524253007373, 96.51205936920223, 92.10028382213812, 86.35458167330677, 91.15191986644408, 78.48275862068965, 69.60600375234522, 87.32057416267942, 81.03448275862068, 85.43577981651376, 86.17508691426772, 99.30151338766007, 99.70315398886828, 98.29706717123936, 92.43027888446214, 98.27490261547022, 98.48275862068967, 94.65290806754221, 99.16267942583733, 95.17241379310344, 98.85321100917432, 97.4330886964047
Indoor_MinkUNeXt_seq2_gradients_pos_per_query16batch_size512_truncated_augonly_best_effects0.5pos0.4neg0.4voxel_size0.05height-0.25_20250325_0950 + epoch_ + 160, 93.71362048894063, 96.43784786641929, 92.14758751182592, 86.00597609561753, 92.43183082915971, 79.54022988505747, 68.48030018761726, 87.32057416267942, 81.49425287356323, 86.69724770642202, 86.42694676073026, 99.34031819945673, 99.66604823747682, 98.39167455061495, 92.3804780876494, 97.66277128547578, 98.71264367816092, 94.27767354596624, 99.04306220095694, 94.71264367816093, 99.31192660550458, 97.34992400694232
Indoor_MinkUNeXt_seq2_gradients_pos_per_query16batch_size512_truncated_augonly_best_effects0.5pos0.4neg0.4voxel_size0.05height-0.25_20250325_0950 + epoch_ + 170, 93.71362048894063, 96.3265306122449, 91.81646168401136, 86.25498007968127, 93.37785197551474, 79.72413793103448, 68.48030018761726, 86.96172248803828, 80.3448275862069, 86.46788990825688, 86.34683229415467, 99.41792782305005, 99.66604823747682, 98.29706717123936, 92.3804780876494, 97.8297161936561, 98.71264367816092, 94.65290806754221, 99.52153110047847, 94.59770114942529, 99.08256880733946, 97.41585903160181
Indoor_MinkUNeXt_seq2_gradients_pos_per_query16batch_size512_truncated_augonly_best_effects0.5pos0.4neg0.4voxel_size0.05height-0.25_20250325_0950 + epoch_ + 180, 93.55840124175397, 96.58627087198516, 91.86376537369915, 86.30478087649402, 93.71174179187534, 79.3103448275862, 68.52720450281426, 88.03827751196172, 81.26436781609195, 86.58256880733946, 86.57477236216013, 99.30151338766007, 99.70315398886828, 98.39167455061495, 92.52988047808765, 97.94101279910963, 98.80459770114942, 94.8874296435272, 99.28229665071771, 94.02298850574712, 99.19724770642202, 97.4061795411904
Indoor_MinkUNeXt_seq2_gradients_pos_per_query16batch_size512_truncated_augonly_best_effects0.5pos0.4neg0.4voxel_size0.05height-0.25_20250325_0950 + epoch_ + 190, 93.6360108653473, 96.47495361781077, 91.62724692526018, 86.30478087649402, 94.10127991096272, 79.26436781609195, 68.71482176360225, 87.91866028708134, 81.49425287356323, 86.35321100917432, 86.58895859453881, 99.34031819945673, 99.70315398886828, 98.43897824030275, 92.52988047808765, 98.05230940456316, 98.80459770114942, 94.8874296435272, 99.28229665071771, 94.25287356321839, 99.31192660550458, 97.46037644753959
Indoor_MinkUNeXt_seq2_gradients_pos_per_query16batch_size512_truncated_augonly_best_effects0.5pos0.4neg0.4voxel_size0.05height-0.25_20250325_0950 + epoch_ + 200, 93.51959642995732, 96.47495361781077, 91.76915799432356, 86.35458167330677, 94.10127991096272, 79.17241379310344, 68.94934333958724, 87.67942583732058, 81.26436781609195, 86.69724770642202, 86.59823681188864, 99.34031819945673, 99.70315398886828, 98.43897824030275, 92.3804780876494, 98.10795770728993, 98.66666666666667, 95.0281425891182, 99.28229665071771, 93.79310344827586, 99.08256880733946, 97.38236643856851

Indoor_MinkUNeXt_seq2_gradients_pos_per_query16batch_size512_truncated_augonly_best_effects0.5pos0.3neg0.3voxel_size0.05height-0.25_20250325_2104 + epoch_ + 1, 88.24214202561119, 90.68645640074212, 78.85525070955535, 81.92231075697211, 86.36616583194213, 74.98850574712644, 74.29643527204503, 81.3397129186603, 78.62068965517241, 80.04587155963303, 81.53635408774602, 96.85681024447031, 99.07235621521335, 91.91106906338695, 91.08565737051792, 94.32387312186978, 96.55172413793103, 94.23076923076923, 98.20574162679426, 93.67816091954023, 95.52752293577981, 95.14436848662729
Indoor_MinkUNeXt_seq2_gradients_pos_per_query16batch_size512_truncated_augonly_best_effects0.5pos0.3neg0.3voxel_size0.05height-0.25_20250325_2104 + epoch_ + 10, 92.74350019402407, 93.13543599257885, 85.52507095553453, 83.11752988047809, 88.87033945464663, 77.10344827586208, 73.96810506566605, 87.79904306220095, 80.6896551724138, 84.97706422018348, 84.79291922735885, 98.68063639891346, 99.81447124304268, 97.44560075685904, 91.43426294820716, 96.661101836394, 97.37931034482759, 95.1688555347092, 99.64114832535886, 95.40229885057471, 97.8211009174312, 96.94487871563177
Indoor_MinkUNeXt_seq2_gradients_pos_per_query16batch_size512_truncated_augonly_best_effects0.5pos0.3neg0.3voxel_size0.05height-0.25_20250325_2104 + epoch_ + 20, 92.27784245246411, 95.06493506493506, 88.0321665089877, 84.11354581673307, 88.03561491374514, 76.64367816091954, 70.4033771106942, 85.52631578947368, 73.44827586206897, 85.43577981651376, 83.89815314965351, 99.0686845168801, 99.81447124304268, 97.96594134342479, 92.3804780876494, 95.88202559821926, 97.88505747126437, 94.04315196998124, 98.32535885167464, 91.95402298850574, 99.08256880733946, 96.64017608779817
Indoor_MinkUNeXt_seq2_gradients_pos_per_query16batch_size512_truncated_augonly_best_effects0.5pos0.3neg0.3voxel_size0.05height-0.25_20250325_2104 + epoch_ + 30, 93.13154831199068, 95.06493506493506, 89.02554399243141, 84.56175298804781, 89.31552587646077, 77.42528735632183, 71.43527204502814, 89.35406698564593, 75.74712643678161, 87.1559633027523, 85.22170223603955, 99.02987970508343, 99.81447124304268, 97.82403027436139, 91.28486055776892, 98.33055091819699, 97.97701149425288, 94.98123827392119, 99.04306220095694, 90.22988505747126, 98.85321100917432, 96.73682007342299
Indoor_MinkUNeXt_seq2_gradients_pos_per_query16batch_size512_truncated_augonly_best_effects0.5pos0.3neg0.3voxel_size0.05height-0.25_20250325_2104 + epoch_ + 40, 93.67481567714397, 95.58441558441558, 89.0728476821192, 84.71115537848605, 90.15025041736226, 77.37931034482759, 69.60600375234522, 89.83253588516746, 78.85057471264368, 86.12385321100918, 85.49857626455203, 99.22390376406675, 99.92578849721707, 97.7767265846736, 91.28486055776892, 97.21758486366166, 97.60919540229885, 93.85553470919325, 99.04306220095694, 92.29885057471265, 99.31192660550458, 96.75474337600544
Indoor_MinkUNeXt_seq2_gradients_pos_per_query16batch_size512_truncated_augonly_best_effects0.5pos0.3neg0.3voxel_size0.05height-0.25_20250325_2104 + epoch_ + 50, 93.48079161816065, 96.06679035250464, 88.88363292336803, 84.11354581673307, 93.32220367278798, 77.14942528735632, 69.27767354596624, 89.47368421052632, 77.24137931034483, 85.20642201834863, 85.42155487560967, 99.22390376406675, 99.96289424860854, 98.01324503311258, 90.83665338645417, 97.55147468002225, 97.7471264367816, 93.05816135084429, 98.92344497607655, 91.14942528735632, 99.08256880733946, 96.55488979706625
Indoor_MinkUNeXt_seq2_gradients_pos_per_query16batch_size512_truncated_augonly_best_effects0.5pos0.3neg0.3voxel_size0.05height-0.25_20250325_2104 + epoch_ + 60, 92.51067132324408, 96.28942486085343, 90.39735099337747, 84.61155378486056, 88.75904284919311, 76.45977011494253, 67.77673545966229, 85.52631578947368, 75.86206896551724, 85.77981651376146, 84.39727506548859, 98.9522700814901, 99.85157699443413, 97.7767265846736, 91.18525896414343, 97.16193656093489, 97.10344827586206, 92.3076923076923, 98.92344497607655, 90.22988505747126, 98.62385321100918, 96.21160930137876
Indoor_MinkUNeXt_seq2_gradients_pos_per_query16batch_size512_truncated_augonly_best_effects0.5pos0.3neg0.3voxel_size0.05height-0.25_20250325_2104 + epoch_ + 70, 92.89871944121072, 95.91836734693877, 89.35666982024598, 84.31274900398407, 89.48247078464107, 78.52873563218391, 68.19887429643528, 85.88516746411483, 76.0919540229885, 85.55045871559633, 84.62241665283395, 99.02987970508343, 99.92578849721707, 97.58751182592242, 91.23505976095618, 96.88369504730106, 97.7471264367816, 93.01125703564728, 98.56459330143541, 90.6896551724138, 98.85321100917432, 96.35277777919325
Indoor_MinkUNeXt_seq2_gradients_pos_per_query16batch_size512_truncated_augonly_best_effects0.5pos0.3neg0.3voxel_size0.05height-0.25_20250325_2104 + epoch_ + 80, 94.0628637951106, 95.73283858998145, 90.1608325449385, 84.81075697211156, 90.929326655537, 77.28735632183908, 67.12007504690432, 89.95215311004785, 78.62068965517241, 85.3211009174312, 85.3997993609074, 99.30151338766007, 99.77736549165121, 97.68211920529801, 91.08565737051792, 96.77239844184753, 97.47126436781609, 92.5891181988743, 98.92344497607655, 91.95402298850574, 98.96788990825688, 96.45247943365044
Indoor_MinkUNeXt_seq2_gradients_pos_per_query16batch_size512_truncated_augonly_best_effects0.5pos0.3neg0.3voxel_size0.05height-0.25_20250325_2104 + epoch_ + 90, 93.0151338766007, 96.02968460111317, 88.97824030274361, 84.01394422310757, 89.53811908736785, 77.65517241379311, 70.0281425891182, 87.08133971291866, 76.55172413793103, 84.40366972477065, 84.72951706694647, 99.34031819945673, 99.85157699443413, 97.7294228949858, 90.83665338645417, 96.54980523094045, 97.5632183908046, 93.66791744840526, 98.92344497607655, 91.60919540229885, 98.62385321100918, 96.46954061348656
Indoor_MinkUNeXt_seq2_gradients_pos_per_query16batch_size512_truncated_augonly_best_effects0.5pos0.3neg0.3voxel_size0.05height-0.25_20250325_2104 + epoch_ + 100, 92.85991462941404, 96.14100185528757, 89.21475875118259, 84.36254980079681, 88.64774624373956, 77.51724137931035, 68.99624765478424, 87.67942583732058, 77.93103448275862, 87.61467889908256, 85.0964599533677, 99.10748932867676, 99.8886827458256, 97.96594134342479, 91.63346613545816, 96.32721202003339, 97.93103448275862, 94.04315196998124, 99.16267942583733, 92.29885057471265, 99.31192660550458, 96.76704346322131
Indoor_MinkUNeXt_seq2_gradients_pos_per_query16batch_size512_truncated_augonly_best_effects0.5pos0.3neg0.3voxel_size0.05height-0.25_20250325_2104 + epoch_ + 110, 93.55840124175397, 96.06679035250464, 88.93093661305582, 84.71115537848605, 89.0929326655537, 78.48275862068965, 68.62101313320825, 86.60287081339713, 77.01149425287356, 85.6651376146789, 84.87434906862018, 99.0686845168801, 99.77736549165121, 97.63481551561021, 92.0816733067729, 96.77239844184753, 98.16091954022988, 93.94934333958724, 98.80382775119617, 92.18390804597702, 99.08256880733946, 96.75155047570918
Indoor_MinkUNeXt_seq2_gradients_pos_per_query16batch_size512_truncated_augonly_best_effects0.5pos0.3neg0.3voxel_size0.05height-0.25_20250325_2104 + epoch_ + 120, 93.48079161816065, 95.62152133580705, 90.01892147587512, 85.2589641434263, 88.87033945464663, 78.2528735632184, 69.04315196998124, 90.19138755980862, 78.96551724137932, 86.81192660550458, 85.65153949678079, 99.30151338766007, 99.85157699443413, 97.8713339640492, 91.43426294820716, 98.60879243183082, 98.20689655172414, 94.37148217636022, 99.16267942583733, 92.41379310344827, 99.42660550458714, 97.06489364881386
Indoor_MinkUNeXt_seq2_gradients_pos_per_query16batch_size512_truncated_augonly_best_effects0.5pos0.3neg0.3voxel_size0.05height-0.25_20250325_2104 + epoch_ + 130, 92.97632906480403, 95.95547309833024, 90.39735099337747, 85.30876494023904, 89.53811908736785, 78.66666666666666, 68.05816135084429, 87.67942583732058, 75.17241379310344, 86.92660550458714, 85.06793103366408, 99.34031819945673, 99.92578849721707, 98.10785241248817, 91.48406374501991, 96.99499165275459, 97.83908045977012, 93.01125703564728, 98.92344497607655, 92.75862068965517, 99.31192660550458, 96.76973442735903
Indoor_MinkUNeXt_seq2_gradients_pos_per_query16batch_size512_truncated_augonly_best_effects0.5pos0.3neg0.3voxel_size0.05height-0.25_20250325_2104 + epoch_ + 140, 93.90764454792394, 95.84415584415584, 90.35004730368968, 84.91035856573706, 89.5937673900946, 77.47126436781609, 67.07317073170732, 87.67942583732058, 75.51724137931033, 87.27064220183486, 84.96177181695903, 99.34031819945673, 99.81447124304268, 97.8713339640492, 90.93625498007968, 96.10461880912632, 97.70114942528735, 94.04315196998124, 98.92344497607655, 92.41379310344827, 99.08256880733946, 96.62311054778874
Indoor_MinkUNeXt_seq2_gradients_pos_per_query16batch_size512_truncated_augonly_best_effects0.5pos0.3neg0.3voxel_size0.05height-0.25_20250325_2104 + epoch_ + 150, 93.209157935584, 96.06679035250464, 89.78240302743615, 83.76494023904382, 89.31552587646077, 77.97701149425286, 66.08818011257036, 88.27751196172248, 77.47126436781609, 85.3211009174312, 84.72738862848223, 99.34031819945673, 99.8886827458256, 97.54020813623463, 90.93625498007968, 96.60545353366722, 97.93103448275862, 93.62101313320825, 98.20574162679426, 92.87356321839081, 99.08256880733946, 96.60248388637555
Indoor_MinkUNeXt_seq2_gradients_pos_per_query16batch_size512_truncated_augonly_best_effects0.5pos0.3neg0.3voxel_size0.05height-0.25_20250325_2104 + epoch_ + 160, 93.98525417151727, 96.43784786641929, 91.24881740775781, 84.11354581673307, 88.53644963828603, 79.0344827586207, 67.3076923076923, 90.19138755980862, 79.19540229885057, 86.12385321100918, 85.61747330366947, 99.22390376406675, 99.81447124304268, 98.01324503311258, 90.93625498007968, 97.10628825820812, 98.25287356321839, 93.94934333958724, 99.76076555023924, 93.33333333333333, 99.77064220183486, 97.01611212667231
Indoor_MinkUNeXt_seq2_gradients_pos_per_query16batch_size512_truncated_augonly_best_effects0.5pos0.3neg0.3voxel_size0.05height-0.25_20250325_2104 + epoch_ + 170, 93.83003492433062, 96.43784786641929, 90.77578051087984, 84.16334661354583, 87.81302170283807, 78.9425287356322, 68.43339587242026, 90.311004784689, 80.11494252873564, 86.23853211009175, 85.70604356495825, 99.34031819945673, 99.77736549165121, 98.06054872280038, 90.48804780876493, 97.21758486366166, 98.11494252873563, 94.18386491557223, 99.64114832535886, 93.44827586206897, 99.77064220183486, 97.00427389199055
Indoor_MinkUNeXt_seq2_gradients_pos_per_query16batch_size512_truncated_augonly_best_effects0.5pos0.3neg0.3voxel_size0.05height-0.25_20250325_2104 + epoch_ + 180, 93.9464493597206, 96.40074211502782, 91.10690633869442, 84.61155378486056, 88.98163606010017, 78.98850574712644, 67.54221388367729, 91.50717703349282, 80.57471264367815, 86.0091743119266, 85.96690712783048, 99.26270857586341, 99.81447124304268, 98.01324503311258, 90.48804780876493, 97.77406789092933, 98.02298850574712, 94.32457786116323, 99.88038277511961, 93.33333333333333, 99.77064220183486, 97.06844652289111
Indoor_MinkUNeXt_seq2_gradients_pos_per_query16batch_size512_truncated_augonly_best_effects0.5pos0.3neg0.3voxel_size0.05height-0.25_20250325_2104 + epoch_ + 190, 94.02405898331394, 96.28942486085343, 91.01229895931883, 84.36254980079681, 89.03728436282692, 78.85057471264368, 67.77673545966229, 91.38755980861244, 80.3448275862069, 86.0091743119266, 85.90944888461618, 99.30151338766007, 99.74025974025975, 98.06054872280038, 90.63745019920319, 97.60712298274903, 98.06896551724138, 94.18386491557223, 99.76076555023924, 93.5632183908046, 99.77064220183486, 97.06943516083649
Indoor_MinkUNeXt_seq2_gradients_pos_per_query16batch_size512_truncated_augonly_best_effects0.5pos0.3neg0.3voxel_size0.05height-0.25_20250325_2104 + epoch_ + 200, 93.9464493597206, 96.25231910946196, 90.87038789025544, 84.36254980079681, 89.14858096828047, 78.57471264367815, 67.91744840525328, 91.02870813397129, 79.88505747126436, 86.12385321100918, 85.81100669936916, 99.34031819945673, 99.74025974025975, 98.06054872280038, 90.63745019920319, 97.66277128547578, 98.06896551724138, 94.09005628517824, 99.76076555023924, 93.79310344827586, 99.88532110091744, 97.10395600490479
