Indoor_MinkUNeXt_pos_per_query12batch_size512_truncated_augonly_best_effects0.5pos0.7neg0.7voxel_size0.05height-0.25_20250305_1017 + epoch_ + 10, 0.36921024966053984, 0.3439958685305219, 1.016925121426503, 0.5767104132058548, 89.40628637951106, 89.57328385899814, 73.22611163670766, 84.0685606250723, 97.7105161039969, 98.21892393320965, 91.05960264900662, 95.66301422873772
Indoor_MinkUNeXt_pos_per_query12batch_size512_truncated_augonly_best_effects0.5pos0.7neg0.7voxel_size0.05height-0.25_20250305_1101 + epoch_ + 10, 0.2971005669572395, 0.3156839042514671, 0.46713114582616383, 0.3599718723449568, 90.18238261544431, 91.31725417439704, 82.26111636707664, 87.920251052306, 98.21497865735351, 99.14656771799629, 96.31031220435194, 97.89061952656725
Indoor_MinkUNeXt_pos_per_query12batch_size512_truncated_augonly_best_effects0.5pos0.7neg0.7voxel_size0.05height-0.25_20250305_1101 + epoch_ + 20, 0.30091991775042043, 0.2993977477273776, 0.681519557279673, 0.42727907425249034, 89.09584788513776, 92.20779220779221, 81.17313150425733, 87.49225719906242, 98.17617384555685, 99.48051948051948, 95.74266792809838, 97.79978708472491
Indoor_MinkUNeXt_pos_per_query12batch_size512_truncated_augonly_best_effects0.5pos0.7neg0.7voxel_size0.05height-0.25_20250305_1101 + epoch_ + 30, 0.2853514606093756, 0.29202202536681554, 0.4492620504733207, 0.34221184548317063, 90.49282110981763, 92.46753246753246, 81.22043519394512, 88.06026292376505, 97.7105161039969, 99.44341372912801, 96.87795648060549, 98.01062877124347
Indoor_MinkUNeXt_pos_per_query12batch_size512_truncated_augonly_best_effects0.5pos0.7neg0.7voxel_size0.05height-0.25_20250305_1101 + epoch_ + 40, 0.2908102127175605, 0.29327344414517575, 0.44933364622607647, 0.34447243436293756, 90.02716336825767, 92.76437847866418, 81.3623462630085, 88.05129603664345, 98.40900271633683, 99.62894248608535, 97.01986754966887, 98.35260425069703
Indoor_MinkUNeXt_pos_per_query12batch_size512_truncated_augonly_best_effects0.5pos0.7neg0.7voxel_size0.05height-0.25_20250305_1101 + epoch_ + 50, 0.25249083055360255, 0.28461651622862555, 0.46001322582565096, 0.33237352420262634, 90.6092355452076, 93.43228200371058, 83.34910122989592, 89.13020625960469, 98.4478075281335, 99.44341372912801, 96.92526017029329, 98.27216047585159
Indoor_MinkUNeXt_pos_per_query12batch_size512_truncated_augonly_best_effects0.5pos0.7neg0.7voxel_size0.05height-0.25_20250305_1101 + epoch_ + 60, 0.2512237860507818, 0.2869930921087254, 0.510094807635075, 0.3494372285981941, 90.14357780364766, 93.02411873840445, 82.11920529801324, 88.42896728002178, 98.71944121071013, 99.25788497217069, 96.73604541154211, 98.23779053147432
Indoor_MinkUNeXt_pos_per_query12batch_size512_truncated_augonly_best_effects0.5pos0.7neg0.7voxel_size0.05height-0.25_20250305_1101 + epoch_ + 70, 0.25881602050340796, 0.279649757993924, 0.5331675095793124, 0.35721109602554807, 90.53162592161428, 93.35807050092765, 82.5449385052034, 88.81154497591511, 98.21497865735351, 99.5547309833024, 97.25638599810786, 98.34203187958792
Indoor_MinkUNeXt_pos_per_query12batch_size512_truncated_augonly_best_effects0.5pos0.7neg0.7voxel_size0.05height-0.25_20250305_1101 + epoch_ + 80, 0.2522465405171381, 0.2909408468009734, 0.4822339168140668, 0.34180710137739273, 89.79433449747769, 92.80148423005566, 81.07852412488174, 87.89144761747168, 98.60302677532013, 99.5547309833024, 96.97256385998108, 98.37677387286787
Indoor_MinkUNeXt_pos_per_query12batch_size512_truncated_augonly_best_effects0.5pos0.7neg0.7voxel_size0.05height-0.25_20250305_1101 + epoch_ + 90, 0.2638387531732589, 0.28140735350959356, 0.4437717124415091, 0.3296726063747872, 90.2987970508343, 93.5064935064935, 83.53831598864711, 89.11453551532497, 98.09856422196353, 99.22077922077922, 97.39829706717124, 98.23921350330467
Indoor_MinkUNeXt_pos_per_query12batch_size512_truncated_augonly_best_effects0.5pos0.7neg0.7voxel_size0.05height-0.25_20250305_1101 + epoch_ + 100, 0.26060066313786145, 0.2881057719771669, 0.4608568459400762, 0.33652109368503486, 90.64804035700426, 92.76437847866418, 84.15326395458845, 89.18856093008564, 97.47768723321691, 99.14656771799629, 97.11447492904448, 97.91290996008588
Indoor_MinkUNeXt_pos_per_query12batch_size512_truncated_augonly_best_effects0.5pos0.7neg0.7voxel_size0.05height-0.25_20250305_1101 + epoch_ + 110, 0.28384359100677986, 0.28625462703453985, 0.468173344412232, 0.3460905208178506, 89.75552968568103, 92.76437847866418, 83.96404919583728, 88.8279857867275, 97.51649204501358, 99.29499072356215, 96.97256385998108, 97.92801554285226
Indoor_MinkUNeXt_pos_per_query12batch_size512_truncated_augonly_best_effects0.5pos0.7neg0.7voxel_size0.05height-0.25_20250305_1101 + epoch_ + 120, 0.2531374811708463, 0.27236935963798375, 0.4474764814740527, 0.32432777409429425, 89.988358556461, 94.28571428571428, 83.6802270577105, 89.3180999666286, 97.74932091579356, 99.77736549165121, 96.97256385998108, 98.16641675580861
Indoor_MinkUNeXt_pos_per_query12batch_size512_truncated_augonly_best_effects0.5pos0.7neg0.7voxel_size0.05height-0.25_20250305_1101 + epoch_ + 130, 0.2325279190033176, 0.28300552113116, 0.4672114953459844, 0.327581645160154, 90.95847885137756, 93.17254174397031, 83.34910122989592, 89.1600406084146, 97.63290648040356, 99.51762523191094, 97.20908230842007, 98.11987134024486
Indoor_MinkUNeXt_pos_per_query12batch_size512_truncated_augonly_best_effects0.5pos0.7neg0.7voxel_size0.05height-0.25_20250305_1101 + epoch_ + 140, 0.2614702389577117, 0.27484634460827645, 0.4732332633903276, 0.3365166156521053, 89.79433449747769, 93.20964749536178, 82.63954588457901, 88.54784262580615, 97.16724873884361, 99.70315398886828, 97.25638599810786, 98.04226290860659
Indoor_MinkUNeXt_pos_per_query12batch_size512_truncated_augonly_best_effects0.5pos0.7neg0.7voxel_size0.05height-0.25_20250305_1101 + epoch_ + 150, 0.2567331863810141, 0.27423368463346454, 0.4332568090302557, 0.32140789334824477, 89.32867675591774, 94.28571428571428, 83.8221381267739, 89.14550972280198, 97.32246798603028, 99.59183673469387, 97.58751182592242, 98.16727218221553
Indoor_MinkUNeXt_pos_per_query12batch_size512_truncated_augonly_best_effects0.5pos0.7neg0.7voxel_size0.05height-0.25_20250305_1101 + epoch_ + 160, 0.25916594356429334, 0.26709984346612514, 0.40781370335390804, 0.31135983012810886, 90.18238261544431, 94.76808905380334, 84.20056764427626, 89.71701310450796, 97.98214978657353, 99.51762523191094, 97.68211920529801, 98.39396474126083
Indoor_MinkUNeXt_pos_per_query12batch_size512_truncated_augonly_best_effects0.5pos0.7neg0.7voxel_size0.05height-0.25_20250305_1101 + epoch_ + 170, 0.23771848774315754, 0.2703704366787673, 0.45410766861127944, 0.3207321976777348, 89.83313930927434, 94.39703153988869, 84.34247871333964, 89.52421652083422, 97.86573535118355, 99.51762523191094, 97.49290444654683, 98.29208834321378
Indoor_MinkUNeXt_pos_per_query12batch_size512_truncated_augonly_best_effects0.5pos0.7neg0.7voxel_size0.05height-0.25_20250305_1101 + epoch_ + 180, 0.26084498584187343, 0.26714632753745077, 0.37710122069651786, 0.301697511358614, 89.63911525029104, 94.8051948051948, 85.61967833491012, 90.02132946346534, 98.05975941016686, 99.51762523191094, 97.7294228949858, 98.43560251235454
Indoor_MinkUNeXt_pos_per_query12batch_size512_truncated_augonly_best_effects0.5pos0.7neg0.7voxel_size0.05height-0.25_20250305_1101 + epoch_ + 190, 0.259451175243794, 0.2683860384465274, 0.3758683614231444, 0.3012351917044886, 89.75552968568103, 94.61966604823748, 85.43046357615894, 89.93521977002581, 98.0209545983702, 99.5547309833024, 97.7294228949858, 98.43503615888613
Indoor_MinkUNeXt_pos_per_query12batch_size512_truncated_augonly_best_effects0.5pos0.7neg0.7voxel_size0.05height-0.25_20250305_1101 + epoch_ + 200, 0.2602552713453112, 0.2684206400127178, 0.3783078063239802, 0.3023279058940031, 89.67792006208771, 94.58256029684601, 85.43046357615894, 89.89698131169756, 97.94334497477686, 99.5547309833024, 97.63481551561021, 98.37763049122982
Indoor_MinkUNeXt_pos_per_query16batch_size512_truncated_augonly_best_effects0.5pos0.7neg0.7voxel_size0.05height-0.25_20250305_1717 + epoch_ + 10, 0.2907254138558975, 0.3166337784618541, 0.46545551337955365, 0.3576049018991017, 90.84206441598758, 91.50278293135436, 81.88268684957427, 88.07584473230541, 98.29258828094683, 98.9239332096475, 96.45222327341533, 97.88958158800322
Indoor_MinkUNeXt_pos_per_query16batch_size512_truncated_augonly_best_effects0.5pos0.7neg0.7voxel_size0.05height-0.25_20250305_1717 + epoch_ + 20, 0.27012924062264665, 0.3208159281447712, 0.5121842317087857, 0.3677098001587345, 89.52270081490104, 91.4656771799629, 82.5922421948912, 87.86020672991837, 98.05975941016686, 99.07235621521335, 96.12109744560075, 97.75107102366032
Indoor_MinkUNeXt_pos_per_query16batch_size512_truncated_augonly_best_effects0.5pos0.7neg0.7voxel_size0.05height-0.25_20250305_1717 + epoch_ + 30, 0.2900526052290055, 0.29014723339144816, 0.48656251782564586, 0.35558745214869986, 90.22118742724098, 93.02411873840445, 82.87606433301798, 88.70712349955447, 98.6418315871168, 99.3692022263451, 96.59413434247871, 98.20172271864686
Indoor_MinkUNeXt_pos_per_query16batch_size512_truncated_augonly_best_effects0.5pos0.7neg0.7voxel_size0.05height-0.25_20250305_1717 + epoch_ + 40, 0.26114066104678835, 0.2879910732858253, 0.4511598874036421, 0.3334305405787519, 90.49282110981763, 92.61595547309834, 82.87606433301798, 88.66161363864465, 98.25378346915018, 99.51762523191094, 97.06717123935667, 98.27952664680593
Indoor_MinkUNeXt_pos_per_query16batch_size512_truncated_augonly_best_effects0.5pos0.7neg0.7voxel_size0.05height-0.25_20250305_1717 + epoch_ + 50, 0.2666113622686696, 0.2985499372516735, 0.4244693854670568, 0.3298768949958, 90.64804035700426, 92.76437847866418, 82.7341532639546, 88.7155240332077, 97.74932091579356, 99.22077922077922, 97.01986754966887, 97.9966558954139
Indoor_MinkUNeXt_pos_per_query16batch_size512_truncated_augonly_best_effects0.5pos0.7neg0.7voxel_size0.05height-0.25_20250305_1717 + epoch_ + 60, 0.28808792032624536, 0.28902359044916603, 0.5136454584177711, 0.3635856563977275, 90.45401629802096, 93.17254174397031, 83.25449385052033, 88.9603506308372, 97.47768723321691, 99.48051948051948, 96.6414380321665, 97.86654824863429
Indoor_MinkUNeXt_pos_per_query16batch_size512_truncated_augonly_best_effects0.5pos0.7neg0.7voxel_size0.05height-0.25_20250305_1717 + epoch_ + 70, 0.3060610317295365, 0.2774800805446331, 0.4722144000601601, 0.3519185041114432, 89.63911525029104, 93.32096474953617, 82.07190160832545, 88.34399386938422, 98.09856422196353, 99.51762523191094, 96.54683065279092, 98.05434003555513
Indoor_MinkUNeXt_pos_per_query16batch_size512_truncated_augonly_best_effects0.5pos0.7neg0.7voxel_size0.05height-0.25_20250305_1717 + epoch_ + 80, 0.263881607947551, 0.2734302570179579, 0.4737693275640718, 0.3370270641765269, 90.99728366317423, 93.35807050092765, 83.20719016083254, 89.18751477497813, 97.98214978657353, 99.70315398886828, 96.68874172185431, 98.12468183243205
Indoor_MinkUNeXt_pos_per_query16batch_size512_truncated_augonly_best_effects0.5pos0.7neg0.7voxel_size0.05height-0.25_20250305_1717 + epoch_ + 90, 0.26121931607767096, 0.2819366095199444, 0.4439265287528622, 0.32902748478349253, 89.40628637951106, 93.5064935064935, 82.11920529801324, 88.34399506133927, 97.28366317423361, 99.29499072356215, 96.8306527909177, 97.80310222957115
Indoor_MinkUNeXt_pos_per_query16batch_size512_truncated_augonly_best_effects0.5pos0.7neg0.7voxel_size0.05height-0.25_20250305_1717 + epoch_ + 100, 0.27350055559133596, 0.277290227368795, 0.5224613871121588, 0.3577507233574299, 90.22118742724098, 93.28385899814471, 82.5449385052034, 88.68332831019636, 96.93441986806364, 99.40630797773655, 96.7833491012299, 97.70802564901003
Indoor_MinkUNeXt_pos_per_query16batch_size512_truncated_augonly_best_effects0.5pos0.7neg0.7voxel_size0.05height-0.25_20250305_1717 + epoch_ + 110, 0.25656062534327595, 0.2893553188821146, 0.4094865398701659, 0.3184674946985188, 90.33760186263096, 93.46938775510203, 83.6329233680227, 89.14663766191858, 97.78812572759023, 99.29499072356215, 96.87795648060549, 97.98702431058594
Indoor_MinkUNeXt_pos_per_query16batch_size512_truncated_augonly_best_effects0.5pos0.7neg0.7voxel_size0.05height-0.25_20250305_1717 + epoch_ + 120, 0.24670203504746885, 0.27865897061759864, 0.45039587963518324, 0.3252522951000836, 89.988358556461, 93.91465677179963, 83.6329233680227, 89.17864623209444, 97.47768723321691, 99.62894248608535, 97.16177861873227, 98.0894694460115
Indoor_MinkUNeXt_pos_per_query16batch_size512_truncated_augonly_best_effects0.5pos0.7neg0.7voxel_size0.05height-0.25_20250305_1717 + epoch_ + 130, 0.23988109996645376, 0.27686701791651086, 0.5219751152137497, 0.34624107769890483, 90.64804035700426, 94.02597402597402, 82.82876064333018, 89.16759167543614, 97.32246798603028, 99.66604823747682, 96.8306527909177, 97.93972300480827
Indoor_MinkUNeXt_pos_per_query16batch_size512_truncated_augonly_best_effects0.5pos0.7neg0.7voxel_size0.05height-0.25_20250305_1717 + epoch_ + 140, 0.26932517661470645, 0.2728092746904652, 0.5189154453048586, 0.35368329887001004, 90.25999223903764, 94.06307977736549, 84.01135288552507, 89.44480830064272, 97.32246798603028, 99.66604823747682, 96.97256385998108, 97.98702669449604
Indoor_MinkUNeXt_pos_per_query16batch_size512_truncated_augonly_best_effects0.5pos0.7neg0.7voxel_size0.05height-0.25_20250305_1717 + epoch_ + 150, 0.2534718524657735, 0.27999754243052283, 0.4943630489748488, 0.342610814623715, 90.104772991851, 93.7291280148423, 84.05865657521286, 89.29751919396871, 97.43888242142026, 99.59183673469387, 96.97256385998108, 98.00109433869841
Indoor_MinkUNeXt_pos_per_query16batch_size512_truncated_augonly_best_effects0.5pos0.7neg0.7voxel_size0.05height-0.25_20250305_1717 + epoch_ + 160, 0.2521292615703865, 0.27572286797954343, 0.4818597607641662, 0.3365706301046987, 90.25999223903764, 94.21150278293136, 83.96404919583728, 89.47851473926876, 97.4000776096236, 99.62894248608535, 97.16177861873227, 98.0635995714804
Indoor_MinkUNeXt_pos_per_query16batch_size512_truncated_augonly_best_effects0.5pos0.7neg0.7voxel_size0.05height-0.25_20250305_1717 + epoch_ + 170, 0.24749638275195693, 0.2781698442601484, 0.4825053405144075, 0.33605718917550426, 90.18238261544431, 94.06307977736549, 83.15988647114474, 89.13511628798484, 97.32246798603028, 99.62894248608535, 97.01986754966887, 97.99042600726152
Indoor_MinkUNeXt_pos_per_query16batch_size512_truncated_augonly_best_effects0.5pos0.7neg0.7voxel_size0.05height-0.25_20250305_1717 + epoch_ + 180, 0.24720832695067024, 0.2725212614602656, 0.47437008558721666, 0.33136655799938414, 90.25999223903764, 94.35992578849721, 83.96404919583728, 89.52798907445738, 97.32246798603028, 99.70315398886828, 97.16177861873227, 98.06246686454362
Indoor_MinkUNeXt_pos_per_query16batch_size512_truncated_augonly_best_effects0.5pos0.7neg0.7voxel_size0.05height-0.25_20250305_1717 + epoch_ + 190, 0.2472454257920267, 0.2715453845388125, 0.47820662562438504, 0.3323324786517414, 90.25999223903764, 94.39703153988869, 83.77483443708608, 89.47728607200413, 97.28366317423361, 99.66604823747682, 97.06717123935667, 98.00562755035571
Indoor_MinkUNeXt_pos_per_query16batch_size512_truncated_augonly_best_effects0.5pos0.7neg0.7voxel_size0.05height-0.25_20250305_1717 + epoch_ + 200, 0.24447000114148043, 0.27107600935931814, 0.4846519010214399, 0.3333993038407461, 90.25999223903764, 94.43413729128015, 83.58561967833491, 89.42658306955092, 97.28366317423361, 99.59183673469387, 97.11447492904448, 97.99665827932398
Indoor_MinkUNeXt_pos_per_query20batch_size512_truncated_augonly_best_effects0.5pos0.7neg0.7voxel_size0.05height-0.25_20250305_2333 + epoch_ + 10, 0.28721004873213024, 0.32397688263545554, 0.49504605350826386, 0.36874432829194986, 90.45401629802096, 90.83487940630798, 80.74739829706718, 87.34543133379869, 98.0209545983702, 99.14656771799629, 96.16840113528855, 97.77864115055168
Indoor_MinkUNeXt_pos_per_query20batch_size512_truncated_augonly_best_effects0.5pos0.7neg0.7voxel_size0.05height-0.25_20250305_2333 + epoch_ + 20, 0.2954601510376454, 0.32145944054673603, 0.5338986035994927, 0.38360606506129136, 90.45401629802096, 90.87198515769944, 80.84200567644277, 87.38933571072107, 97.5941016686069, 98.99814471243043, 96.16840113528855, 97.58688250544196
Indoor_MinkUNeXt_pos_per_query20batch_size512_truncated_augonly_best_effects0.5pos0.7neg0.7voxel_size0.05height-0.25_20250305_2333 + epoch_ + 30, 0.2828582688523741, 0.29432244113811645, 0.5384778727933461, 0.37188619426127884, 90.25999223903764, 92.46753246753246, 80.74739829706718, 87.82497433454576, 98.09856422196353, 99.33209647495362, 96.16840113528855, 97.86635394406856
