Data augmentation: remove_block
Indoor_MinkUNeXt_pos_per_query16batch_size512_truncated_augremove_blockpos0.4neg0.4voxel_size0.05height-0.25_20250331_1047 + epoch_ + 1, 89.87194412107101, 91.7996289424861, 79.18637653736992, 82.07171314741036, 88.98163606010017, 74.98850574712644, 69.13696060037523, 86.36363636363636, 72.41379310344827, 77.86697247706422, 81.26811671000881, 97.55529685681024, 99.22077922077922, 94.08703878902554, 89.64143426294821, 96.04897050639956, 97.33333333333334, 94.13696060037523, 98.08612440191388, 90.45977011494253, 93.0045871559633, 94.95742952424911
Data augmentation: remove_block
Indoor_MinkUNeXt_pos_per_query16batch_size512_truncated_augremove_blockpos0.4neg0.4voxel_size0.05height-0.25_20250331_1047 + epoch_ + 50, 91.0360884749709, 94.91651205936921, 88.26868495742669, 85.00996015936255, 88.09126321647189, 75.95402298850574, 71.66979362101313, 89.35406698564593, 76.7816091954023, 80.96330275229357, 84.20453044104617, 97.86573535118355, 99.59183673469387, 97.49290444654683, 91.53386454183267, 97.27323316638842, 98.11494252873563, 95.0750469043152, 98.56459330143541, 92.41379310344827, 96.90366972477065, 96.48296198033503
Data augmentation: remove_points
Indoor_MinkUNeXt_pos_per_query16batch_size512_truncated_augremove_pointspos0.4neg0.4voxel_size0.05height-0.25_20250331_1251 + epoch_ + 1, 89.87194412107101, 91.7996289424861, 79.18637653736992, 82.07171314741036, 88.98163606010017, 74.98850574712644, 69.13696060037523, 86.36363636363636, 72.52873563218391, 78.21100917431193, 81.31401463260715, 97.55529685681024, 99.22077922077922, 94.22894985808892, 89.64143426294821, 96.04897050639956, 97.33333333333334, 94.13696060037523, 98.08612440191388, 90.45977011494253, 93.0045871559633, 94.97162063115546
Data augmentation: remove_points
Indoor_MinkUNeXt_pos_per_query16batch_size512_truncated_augremove_pointspos0.4neg0.4voxel_size0.05height-0.25_20250331_1251 + epoch_ + 50, 91.38533178114086, 94.91651205936921, 88.50520340586566, 83.56573705179284, 88.64774624373956, 75.2183908045977, 70.87242026266416, 88.51674641148325, 75.63218390804597, 80.5045871559633, 83.77648590846624, 97.90454016298021, 99.70315398886828, 97.49290444654683, 91.13545816733067, 96.21591541457985, 98.06896551724138, 95.1688555347092, 98.44497607655502, 92.18390804597702, 96.44495412844036, 96.27636314832287
Data augmentation: translation_xy
Indoor_MinkUNeXt_pos_per_query16batch_size512_truncated_augtranslation_xypos0.4neg0.4voxel_size0.05height-0.25_20250331_1457 + epoch_ + 1, 89.87194412107101, 91.83673469387756, 79.18637653736992, 82.07171314741036, 88.98163606010017, 74.98850574712644, 69.09005628517824, 86.36363636363636, 72.41379310344827, 78.09633027522935, 81.29007263344477, 97.55529685681024, 99.22077922077922, 94.08703878902554, 89.64143426294821, 96.04897050639956, 97.33333333333334, 94.13696060037523, 98.08612440191388, 90.45977011494253, 93.0045871559633, 94.95742952424911
Data augmentation: remove_block
Indoor_MinkUNeXt_pos_per_query16batch_size512_truncated_augremove_blockpos0.4neg0.4voxel_size0.05height-0.25_20250331_1700 + epoch_ + 1, 89.40628637951106, 90.79777365491651, 78.00378429517502, 81.87250996015936, 86.31051752921536, 73.74712643678161, 68.76172607879924, 83.85167464114832, 72.64367816091955, 77.29357798165137, 80.26886551182774, 97.55529685681024, 99.40630797773655, 94.22894985808892, 89.59163346613546, 95.60378408458541, 97.0574712643678, 93.94934333958724, 99.04306220095694, 89.19540229885058, 94.26605504587155, 94.98973063929907
Data augmentation: remove_block
Indoor_MinkUNeXt_pos_per_query16batch_size512_truncated_augremove_blockpos0.4neg0.4voxel_size0.05height-0.25_20250331_1700 + epoch_ + 50, 90.45401629802096, 94.54545454545455, 86.70766319772942, 84.66135458167331, 89.259877573734, 75.86206896551724, 72.09193245778611, 87.5598086124402, 75.74712643678161, 82.79816513761467, 83.96874678067522, 98.71944121071013, 99.77736549165121, 97.49290444654683, 91.7828685258964, 95.99332220367279, 98.02298850574712, 96.20075046904316, 98.68421052631578, 92.18390804597702, 98.05045871559633, 96.69082181411568
Data augmentation: remove_points
Indoor_MinkUNeXt_pos_per_query16batch_size512_truncated_augremove_pointspos0.4neg0.4voxel_size0.05height-0.25_20250331_1909 + epoch_ + 1, 91.0360884749709, 92.24489795918367, 79.3755912961211, 83.06772908366534, 88.75904284919311, 73.74712643678161, 68.71482176360225, 84.92822966507177, 70.0, 79.0137614678899, 81.08872889964798, 97.55529685681024, 99.14656771799629, 94.6073793755913, 89.99003984063745, 95.88202559821926, 97.70114942528735, 93.10506566604127, 98.56459330143541, 91.0344827586207, 94.61009174311926, 95.21966922837585
Data augmentation: remove_points
Indoor_MinkUNeXt_pos_per_query16batch_size512_truncated_augremove_pointspos0.4neg0.4voxel_size0.05height-0.25_20250331_1909 + epoch_ + 50, 91.30772215754753, 94.91651205936921, 87.36991485335857, 82.8187250996016, 84.52977184195882, 74.98850574712644, 72.3264540337711, 87.4401913875598, 76.89655172413794, 80.61926605504587, 83.32136149594768, 97.74932091579356, 99.59183673469387, 97.01986754966887, 90.48804780876493, 94.43516972732333, 97.6551724137931, 95.21575984990619, 98.08612440191388, 92.87356321839081, 96.21559633027523, 95.93304589505239
Data augmentation: translation_xy
Indoor_MinkUNeXt_pos_per_query16batch_size512_truncated_augtranslation_xypos0.4neg0.4voxel_size0.05height-0.25_20250331_2137 + epoch_ + 1, 89.94955374466433, 91.83673469387756, 78.47682119205298, 82.8187250996016, 88.70339454646633, 74.75862068965517, 68.57410881801125, 86.60287081339713, 72.52873563218391, 77.52293577981652, 81.17725010097267, 97.5941016686069, 99.33209647495362, 93.70860927152319, 90.33864541832669, 95.88202559821926, 97.47126436781609, 92.6829268292683, 98.44497607655502, 90.91954022988506, 94.95412844036697, 95.13283143755208
Data augmentation: translation_xy
Indoor_MinkUNeXt_pos_per_query16batch_size512_truncated_augtranslation_xypos0.4neg0.4voxel_size0.05height-0.25_20250331_2137 + epoch_ + 50, 91.69577027551416, 95.21335807050093, 88.55250709555345, 84.51195219123507, 84.08458542014469, 74.94252873563218, 69.65290806754221, 88.8755980861244, 77.35632183908045, 80.61926605504587, 83.55047958363733, 97.74932091579356, 99.62894248608535, 97.16177861873227, 90.73705179282868, 91.31886477462437, 98.20689655172414, 93.90243902439023, 98.68421052631578, 93.67816091954023, 95.64220183486239, 95.67098674448968
Data augmentation: move_block2
Indoor_MinkUNeXt_pos_per_query16batch_size512_truncated_augmove_block2pos0.4neg0.4voxel_size0.05height-0.25_20250331_2358 + epoch_ + 1, 90.37640667442763, 92.05936920222635, 79.61210974456007, 83.51593625498009, 88.4251530328325, 75.0344827586207, 70.1219512195122, 87.08133971291866, 73.33333333333333, 79.0137614678899, 81.85738434013015, 97.43888242142026, 99.25788497217069, 94.18164616840113, 89.34262948207171, 95.88202559821926, 98.11494252873563, 93.71482176360225, 97.96650717703349, 91.26436781609195, 94.72477064220183, 95.18884785699481
Data augmentation: move_block2
Indoor_MinkUNeXt_pos_per_query16batch_size512_truncated_augmove_block2pos0.4neg0.4voxel_size0.05height-0.25_20250331_2358 + epoch_ + 50, 90.99728366317423, 95.43599257884972, 87.93755912961211, 83.26693227091634, 89.70506399554814, 76.13793103448275, 69.60600375234522, 88.27751196172248, 77.47126436781609, 82.22477064220183, 84.10603133966688, 98.3313930927435, 99.77736549165121, 97.44560075685904, 91.38446215139442, 95.99332220367279, 97.97701149425288, 94.37148217636022, 98.80382775119617, 92.87356321839081, 97.01834862385321, 96.39763769603744
Data augmentation: scale_xy2
Indoor_MinkUNeXt_pos_per_query16batch_size512_truncated_augscale_xy2pos0.4neg0.4voxel_size0.05height-0.25_20250401_0226 + epoch_ + 1, 90.57043073341094, 91.83673469387756, 79.75402081362346, 83.06772908366534, 88.48080133555926, 74.02298850574712, 69.27767354596624, 86.24401913875597, 71.72413793103448, 76.03211009174312, 81.10106458733836, 98.05975941016686, 99.62894248608535, 95.31693472090824, 91.28486055776892, 94.99165275459099, 97.60919540229885, 93.10506566604127, 97.60765550239235, 90.3448275862069, 93.0045871559633, 95.0953481242423
Data augmentation: scale_xy2
Indoor_MinkUNeXt_pos_per_query16batch_size512_truncated_augscale_xy2pos0.4neg0.4voxel_size0.05height-0.25_20250401_0226 + epoch_ + 50, 91.23011253395421, 95.17625231910947, 87.55912961210974, 83.31673306772909, 86.81135225375625, 75.08045977011494, 69.69981238273921, 88.99521531100478, 78.62068965517241, 80.5045871559633, 83.69943440616535, 97.4000776096236, 99.70315398886828, 97.7767265846736, 90.78685258964143, 93.7673900946021, 97.83908045977012, 94.37148217636022, 98.44497607655502, 91.26436781609195, 96.10091743119266, 95.7455024827379
Data augmentation: random_rotation
Indoor_MinkUNeXt_pos_per_query16batch_size512_truncated_augrandom_rotationpos0.4neg0.4voxel_size0.05height-0.25_20250401_0452 + epoch_ + 1, 89.75552968568103, 90.38961038961038, 73.50993377483444, 82.66932270916335, 83.47245409015025, 72.50574712643679, 63.13320825515948, 82.41626794258373, 67.35632183908045, 74.08256880733946, 77.92909646200394, 97.86573535118355, 99.29499072356215, 91.3907284768212, 90.48804780876493, 94.76905954368392, 97.14942528735632, 88.88367729831145, 96.05263157894737, 86.32183908045977, 92.08715596330275, 93.43032911123933
Data augmentation: random_rotation
Indoor_MinkUNeXt_pos_per_query16batch_size512_truncated_augrandom_rotationpos0.4neg0.4voxel_size0.05height-0.25_20250401_0452 + epoch_ + 50, 91.88979433449748, 94.84230055658627, 86.28192999053927, 85.85657370517929, 85.64273789649415, 75.17241379310344, 68.66791744840526, 83.85167464114832, 72.52873563218391, 75.68807339449542, 82.04221513926329, 98.21497865735351, 99.85157699443413, 96.7833491012299, 93.02788844621513, 92.54312743461325, 97.70114942528735, 94.04315196998124, 97.72727272727273, 90.22988505747126, 94.03669724770643, 95.4159077061565
Data augmentation: 3depths0.4
Indoor_MinkUNeXt_pos_per_query16batch_size512_truncated_aug3depths0.4pos0.4neg0.4voxel_size0.05height-0.25_20250401_1027 + epoch_ + 1, 89.28987194412107, 91.83673469387756, 79.99053926206244, 81.07569721115537, 89.48247078464107, 74.94252873563218, 72.27954971857412, 87.20095693779905, 74.94252873563218, 80.04587155963303, 82.10867495831282, 97.90454016298021, 99.22077922077922, 95.6480605487228, 89.2430278884462, 96.661101836394, 97.7471264367816, 93.90243902439023, 98.68421052631578, 91.83908045977012, 95.75688073394495, 95.66072468385251
Data augmentation: 3depths0.4
Indoor_MinkUNeXt_pos_per_query16batch_size512_truncated_aug3depths0.4pos0.4neg0.4voxel_size0.05height-0.25_20250401_1027 + epoch_ + 50, 91.3465269693442, 95.32467532467533, 88.41059602649007, 83.71513944223108, 90.98497495826378, 75.63218390804597, 75.14071294559099, 90.43062200956938, 79.42528735632183, 83.14220183486239, 85.35529207753949, 97.82693053938688, 99.70315398886828, 97.82403027436139, 92.1812749003984, 97.55147468002225, 97.88505747126437, 95.77861163227017, 99.76076555023924, 95.05747126436782, 97.8211009174312, 97.138987121861
Data augmentation: 3depths0.4 (DAV2)
Indoor_MinkUNeXt_pos_per_query16batch_size512_truncated_aug3depths0.4pos0.4neg0.4voxel_size0.05height-0.25_20250401_1317 + epoch_ + 1, 89.48389600310438, 90.83487940630798, 79.56480605487228, 80.52788844621513, 86.2548692264886, 74.06896551724138, 71.90431519699813, 86.72248803827752, 78.73563218390804, 81.42201834862385, 81.95197584220372, 97.47768723321691, 98.73840445269016, 94.27625354777672, 89.79083665338645, 95.15859766277129, 96.7816091954023, 93.19887429643528, 98.20574162679426, 93.5632183908046, 95.06880733944955, 95.22600303987275
Data augmentation: 3depths0.4 (DAV2)
Indoor_MinkUNeXt_pos_per_query16batch_size512_truncated_aug3depths0.4pos0.4neg0.4voxel_size0.05height-0.25_20250401_1317 + epoch_ + 50, 90.57043073341094, 94.65677179962894, 88.55250709555345, 84.7609561752988, 85.97662771285476, 76.0919540229885, 73.68667917448406, 88.27751196172248, 81.72413793103448, 82.56880733944955, 84.6866383946426, 97.55529685681024, 99.40630797773655, 97.7767265846736, 91.28486055776892, 93.32220367278798, 98.02298850574712, 96.06003752345215, 98.20574162679426, 97.01149425287356, 98.96788990825688, 96.76135474669013
Data augmentation: 6depths0.4
Indoor_MinkUNeXt_pos_per_query16batch_size512_truncated_aug6depths0.4pos0.4neg0.4voxel_size0.05height-0.25_20250401_1915 + epoch_ + 1, 89.32867675591774, 92.05936920222635, 79.28098391674551, 78.18725099601593, 88.31385642737897, 75.44827586206897, 71.38836772983115, 88.03827751196172, 76.32183908045977, 79.35779816513761, 81.77246956477435, 98.37019790454016, 99.29499072356215, 94.5600756859035, 89.79083665338645, 95.21424596549805, 97.83908045977012, 93.90243902439023, 99.04306220095694, 92.52873563218391, 94.4954128440367, 95.5039077094228
Data augmentation: 6depths0.4
Indoor_MinkUNeXt_pos_per_query16batch_size512_truncated_aug6depths0.4pos0.4neg0.4voxel_size0.05height-0.25_20250401_1915 + epoch_ + 50, 91.61816065192085, 94.84230055658627, 89.45127719962157, 85.35856573705179, 87.14524207011685, 75.49425287356321, 73.96810506566605, 90.78947368421053, 82.18390804597702, 82.56880733944955, 85.34200932241637, 97.63290648040356, 99.77736549165121, 98.06054872280038, 91.23505976095618, 94.71341124095714, 97.33333333333334, 94.60600375234522, 99.52153110047847, 95.86206896551724, 97.8211009174312, 96.6563329765874
Data augmentation: 6depths0.4 (mayor probabilidad a los small y base)
Indoor_MinkUNeXt_pos_per_query16batch_size512_truncated_aug6depths0.4pos0.4neg0.4voxel_size0.05height-0.25_20250401_2339 + epoch_ + 1, 89.75552968568103, 91.7996289424861, 80.60548722800378, 80.0796812749004, 87.4234835837507, 75.44827586206897, 70.26266416510319, 86.8421052631579, 75.28735632183908, 79.12844036697247, 81.66326526939636, 97.74932091579356, 99.07235621521335, 96.35761589403974, 88.74501992031873, 95.21424596549805, 98.25287356321839, 93.80863039399625, 98.92344497607655, 92.29885057471265, 96.3302752293578, 95.67526336482251
Data augmentation: 6depths0.4
Indoor_MinkUNeXt_pos_per_query16batch_size512_truncated_aug6depths0.4pos0.4neg0.4voxel_size0.05height-0.25_20250401_2339 + epoch_ + 50, 91.54055102832751, 95.06493506493506, 88.78902554399242, 84.9601593625498, 86.31051752921536, 75.49425287356321, 75.28142589118198, 89.83253588516746, 80.57471264367815, 82.45412844036697, 85.03022442629779, 97.05083430345363, 99.62894248608535, 97.7294228949858, 91.88247011952191, 94.43516972732333, 97.88505747126437, 95.49718574108817, 99.4019138755981, 94.94252873563218, 97.70642201834863, 96.61599473733015
Data augmentation: only_best_effects0.4
Indoor_MinkUNeXt_pos_per_query16batch_size512_truncated_augonly_best_effects0.4pos0.4neg0.4voxel_size0.05height-0.25_20250402_1227 + epoch_ + 1, 89.94955374466433, 92.05936920222635, 79.23368022705772, 81.42430278884463, 87.97996661101837, 75.3103448275862, 71.24765478424015, 87.20095693779905, 73.33333333333333, 76.37614678899082, 81.41153092457611, 97.4000776096236, 99.03525046382188, 94.70198675496688, 89.5418326693227, 95.93767390094602, 97.51724137931035, 92.7298311444653, 98.32535885167464, 90.45977011494253, 94.38073394495413, 95.00297568340281
Data augmentation: only_best_effects0.4
Indoor_MinkUNeXt_pos_per_query16batch_size512_truncated_augonly_best_effects0.4pos0.4neg0.4voxel_size0.05height-0.25_20250402_1227 + epoch_ + 50, 92.51067132324408, 94.87940630797773, 88.78902554399242, 84.61155378486056, 87.03394546466333, 77.83908045977012, 74.24953095684803, 86.60287081339713, 81.37931034482759, 82.33944954128441, 85.02348445408654, 98.40900271633683, 99.77736549165121, 97.918637653737, 91.53386454183267, 95.65943238731218, 98.62068965517241, 96.38836772983115, 99.64114832535886, 94.71264367816093, 97.59174311926606, 97.02528952986592
Data augmentation: only_best_effects0.5
Indoor_MinkUNeXt_pos_per_query16batch_size512_truncated_augonly_best_effects0.4pos0.4neg0.4voxel_size0.05height-0.25_20250402_1803 + epoch_ + 1, 90.68684516880093, 92.02226345083488, 79.75402081362346, 80.82669322709162, 90.48414023372288, 73.60919540229885, 69.65290806754221, 85.28708133971293, 73.44827586206897, 76.37614678899082, 81.21475703546875, 97.78812572759023, 98.96103896103897, 95.50614947965941, 89.64143426294821, 97.27323316638842, 97.42528735632185, 93.01125703564728, 98.56459330143541, 92.87356321839081, 92.88990825688074, 95.39345907663014
Data augmentation: only_best_effects0.5
Indoor_MinkUNeXt_pos_per_query16batch_size512_truncated_augonly_best_effects0.4pos0.4neg0.4voxel_size0.05height-0.25_20250402_1803 + epoch_ + 50, 91.92859914629415, 95.13914656771799, 87.9848628192999, 85.10956175298804, 87.75737340011129, 77.60919540229885, 75.56285178236398, 88.1578947368421, 79.65517241379311, 80.96330275229357, 84.9867960774003, 97.7105161039969, 99.74025974025975, 97.82403027436139, 92.23107569721115, 94.26822481914301, 98.85057471264368, 96.48217636022514, 99.52153110047847, 94.36781609195403, 97.36238532110092, 96.83585902213744
Data augmentation: elastic_distortion
Indoor_MinkUNeXt_pos_per_query16batch_size512_truncated_augelastic_distortionpos0.4neg0.4voxel_size0.05height-0.25_20250404_1252 + epoch_ + 1, 89.63911525029104, 91.53988868274583, 76.77388836329234, 80.67729083665338, 90.03895381190874, 75.0344827586207, 68.57410881801125, 84.80861244019138, 74.82758620689656, 78.09633027522935, 81.00102574438405, 97.5941016686069, 99.5547309833024, 93.4720908230842, 89.99003984063745, 97.16193656093489, 98.11494252873563, 93.90243902439023, 97.60765550239235, 90.3448275862069, 93.23394495412845, 95.09767094724194
Data augmentation: elastic_distortion
Indoor_MinkUNeXt_pos_per_query16batch_size512_truncated_augelastic_distortionpos0.4neg0.4voxel_size0.05height-0.25_20250404_1351 + epoch_ + 1, 90.14357780364766, 90.68645640074212, 76.63197729422895, 79.63147410358566, 89.92765720645521, 74.62068965517241, 67.44840525328331, 85.04784688995215, 72.64367816091955, 76.14678899082568, 80.29285517588127, 97.28366317423361, 99.44341372912801, 92.62062440870388, 89.04382470119522, 97.05063995548136, 97.7471264367816, 93.90243902439023, 97.48803827751196, 89.88505747126436, 93.11926605504587, 94.75840932337361
Data augmentation: elastic_distortion
Indoor_MinkUNeXt_pos_per_query16batch_size512_truncated_augelastic_distortionpos0.4neg0.4voxel_size0.05height-0.25_20250404_1351 + epoch_ + 50, 90.95847885137756, 95.32467532467533, 85.99810785241249, 85.10956175298804, 88.20255982192543, 76.0, 68.33958724202627, 83.49282296650718, 75.17241379310344, 80.27522935779817, 82.8873436962814, 97.5941016686069, 99.74025974025975, 97.30368968779565, 90.5378486055777, 97.44017807456873, 98.20689655172414, 92.87054409005628, 99.16267942583733, 92.87356321839081, 97.13302752293578, 96.28627885857532
Data augmentation: elastic_distortion
Indoor_MinkUNeXt_pos_per_query16batch_size512_truncated_augelastic_distortionpos0.4neg0.4voxel_size0.05height-0.25_20250404_1729 + epoch_ + 1, 89.60031043849438, 91.53988868274583, 76.72658467360453, 80.67729083665338, 90.03895381190874, 75.0344827586207, 68.62101313320825, 84.688995215311, 74.82758620689656, 77.98165137614679, 80.97367571335903, 97.5941016686069, 99.5547309833024, 93.4720908230842, 89.99003984063745, 97.16193656093489, 98.11494252873563, 93.99624765478424, 97.60765550239235, 90.3448275862069, 93.23394495412845, 95.10705181028133
Data augmentation: elastic_distortion
Indoor_MinkUNeXt_pos_per_query16batch_size512_truncated_augelastic_distortionpos0.4neg0.4voxel_size0.05height-0.25_20250404_1729 + epoch_ + 50, 91.19130772215755, 94.76808905380334, 86.51844843897824, 84.56175298804781, 90.20589872008904, 76.32183908045977, 68.19887429643528, 86.96172248803828, 76.4367816091954, 80.16055045871559, 83.53252648559203, 97.4000776096236, 99.77736549165121, 97.30368968779565, 90.88645418326693, 97.88536449638286, 98.11494252873563, 93.29268292682927, 98.68421052631578, 92.64367816091954, 96.3302752293578, 96.23187408408782
p=0.2
Data augmentation: elastic_distortion
Indoor_MinkUNeXt_pos_per_query16batch_size512_truncated_augelastic_distortionpos0.4neg0.4voxel_size0.05height-0.25_20250407_0202 + epoch_ + 1, 88.70779976717112, 91.1317254174397, 79.51750236518448, 82.76892430278885, 89.259877573734, 75.2183908045977, 68.01125703564728, 85.28708133971293, 74.02298850574712, 76.37614678899082, 81.0301693901014, 97.5941016686069, 99.70315398886828, 93.6140018921476, 90.08964143426294, 96.93934335002783, 98.25287356321839, 93.38649155722327, 98.20574162679426, 90.57471264367815, 94.38073394495413, 95.27407956697817
Data augmentation: elastic_distortion
Indoor_MinkUNeXt_pos_per_query16batch_size512_truncated_augelastic_distortionpos0.4neg0.4voxel_size0.05height-0.25_20250407_0202 + epoch_ + 50, 90.68684516880093, 95.13914656771799, 86.9914853358562, 82.9183266932271, 84.91930996104618, 75.72413793103449, 68.48030018761726, 87.08133971291866, 75.63218390804597, 80.04587155963303, 82.76189470258977, 97.63290648040356, 99.81447124304268, 96.7833491012299, 89.8406374501992, 92.98831385642737, 98.25287356321839, 93.19887429643528, 98.56459330143541, 91.37931034482759, 96.44495412844036, 95.49002837656596
Data augmentation: remove_block
Indoor_MinkUNeXt_pos_per_query16batch_size512_truncated_augremove_blockpos0.4neg0.4voxel_size0.05height-0.25_20250407_0958 + epoch_ + 1, 89.40628637951106, 91.3543599257885, 78.71333964049197, 83.11752988047809, 87.36783528102393, 73.70114942528735, 67.3076923076923, 84.80861244019138, 72.8735632183908, 76.37614678899082, 80.50265152878463, 97.24485836243694, 99.29499072356215, 95.03311258278146, 90.2390438247012, 96.38286032276015, 97.14942528735632, 93.99624765478424, 98.92344497607655, 90.80459770114942, 93.80733944954129, 95.28759208851497
Data augmentation: remove_block
Indoor_MinkUNeXt_pos_per_query16batch_size512_truncated_augremove_blockpos0.4neg0.4voxel_size0.05height-0.25_20250407_0958 + epoch_ + 50, 90.7256499805976, 94.21150278293136, 87.32261116367077, 84.01394422310757, 89.03728436282692, 75.26436781609196, 71.81050656660413, 87.91866028708134, 78.96551724137932, 82.56880733944955, 84.18388517637405, 98.09856422196353, 99.96289424860854, 97.35099337748345, 91.68326693227091, 96.60545353366722, 97.97701149425288, 95.4033771106942, 99.04306220095694, 92.29885057471265, 96.44495412844036, 96.48684278230508
