Dataset set: /media/arvc/DATOS/Juanjo/Datasets/COLD/PCD_DEPTH_PRO/FRIBURGO_A/
Indoor_MinkUNeXt_pos_per_query16batch_size512_truncated_aug0pos0.4neg0.4voxel_size0.05height-0.25_20250328_0010 + epoch_ + 1, 75.74699262708576, 70.87198515769944, 55.29801324503312, 64.8406374501992, 64.83027267668336, 61.97701149425288, 53.283302063789876, 71.65071770334929, 62.98850574712643, 62.15596330275229, 64.36434014679716, 91.73457508731082, 91.2430426716141, 81.92999053926206, 82.76892430278885, 86.31051752921536, 90.2528735632184, 84.61538461538461, 87.20095693779905, 80.45977011494253, 81.42201834862385, 85.79380537101596
Dataset set: /media/arvc/DATOS/Juanjo/Datasets/COLD/PCD_DEPTH_PRO/FRIBURGO_A/
Indoor_MinkUNeXt_pos_per_query16batch_size512_truncated_aug0pos0.4neg0.4voxel_size0.05height-0.25_20250328_0851 + epoch_ + 1, 75.82460225067908, 70.87198515769944, 55.25070955534531, 64.8406374501992, 64.9415692821369, 61.97701149425288, 53.236397748592864, 71.65071770334929, 62.87356321839081, 61.92660550458715, 64.3393799365233, 91.6569654637175, 91.28014842300557, 81.88268684957427, 82.8187250996016, 86.36616583194213, 90.29885057471265, 84.66228893058161, 87.20095693779905, 80.45977011494253, 81.42201834862385, 85.80485765745007
Dataset set: /media/arvc/DATOS/Juanjo/Datasets/COLD/PCD_DEPTH_PRO/FRIBURGO_A/
Indoor_MinkUNeXt_pos_per_query16batch_size512_truncated_aug0pos0.4neg0.4voxel_size0.05height-0.25_20250328_0851 + epoch_ + 50, 80.24835079549865, 77.69944341372913, 60.21759697256386, 68.12749003984064, 68.72565386755703, 60.04597701149426, 50.891181988742964, 69.13875598086125, 60.3448275862069, 62.84403669724771, 65.82833143537422, 94.72254559565386, 94.28571428571428, 86.32923368022706, 84.31274900398407, 89.31552587646077, 88.50574712643679, 81.66041275797373, 86.1244019138756, 81.72413793103448, 82.91284403669725, 86.98933122080578

Dataset set: /media/arvc/DATOS/Juanjo/Datasets/COLD/PCD_DISTILL_ANY_DEPTH_LARGE_TEACHER/FRIBURGO_A/
Indoor_MinkUNeXt_pos_per_query16batch_size512_truncated_aug0pos0.4neg0.4voxel_size0.05height-0.25_20250330_1612 + epoch_ + 1, 90.104772991851, 90.72356215213358, 78.76064333017976, 83.41633466135458, 90.5954368391764, 74.85057471264368, 68.05816135084429, 83.73205741626795, 74.59770114942529, 79.58715596330275, 81.44264005671792, 98.05975941016686, 99.44341372912801, 95.17502365184485, 91.08565737051792, 98.27490261547022, 98.11494252873563, 93.52720450281426, 97.1291866028708, 90.6896551724138, 95.64220183486239, 95.71419474188248
Dataset set: /media/arvc/DATOS/Juanjo/Datasets/COLD/PCD_DISTILL_ANY_DEPTH_LARGE_TEACHER/FRIBURGO_A/
Indoor_MinkUNeXt_pos_per_query16batch_size512_truncated_aug0pos0.4neg0.4voxel_size0.05height-0.25_20250330_1612 + epoch_ + 50, 91.85098952270081, 94.54545454545455, 87.08609271523179, 85.00996015936255, 88.2582081246522, 76.0, 70.73170731707317, 86.1244019138756, 75.17241379310344, 81.53669724770643, 83.63159253391606, 97.90454016298021, 99.44341372912801, 96.68874172185431, 91.38446215139442, 98.10795770728993, 97.88505747126437, 94.18386491557223, 98.44497607655502, 91.14942528735632, 96.3302752293578, 96.15227144527526
Dataset set: /media/arvc/DATOS/Juanjo/Datasets/COLD/PCD_DISTILL_ANY_DEPTH_LARGE/FRIBURGO_A/
Indoor_MinkUNeXt_pos_per_query16batch_size512_truncated_aug0pos0.4neg0.4voxel_size0.05height-0.25_20250327_1747 + epoch_ + 1, 89.87194412107101, 91.83673469387756, 79.18637653736992, 82.02191235059762, 88.98163606010017, 74.98850574712644, 69.09005628517824, 86.36363636363636, 72.41379310344827, 78.21100917431193, 81.29656044367175, 97.55529685681024, 99.22077922077922, 94.13434247871334, 89.64143426294821, 96.04897050639956, 97.37931034482759, 94.13696060037523, 98.08612440191388, 90.45977011494253, 93.0045871559633, 94.96675759436731
Dataset set: /media/arvc/DATOS/Juanjo/Datasets/COLD/PCD_DISTILL_ANY_DEPTH_LARGE/FRIBURGO_A/
Indoor_MinkUNeXt_pos_per_query16batch_size512_truncated_aug0pos0.4neg0.4voxel_size0.05height-0.25_20250327_1747 + epoch_ + 50, 90.99728366317423, 94.91651205936921, 88.41059602649007, 83.96414342629483, 86.64440734557596, 75.63218390804597, 70.59099437148217, 89.23444976076556, 76.66666666666667, 81.30733944954129, 83.83645766774058, 97.86573535118355, 99.74025974025975, 97.39829706717124, 91.38446215139442, 95.32554257095158, 98.29885057471265, 95.0750469043152, 98.80382775119617, 92.75862068965517, 96.55963302752293, 96.32102758283627
Dataset set: /media/arvc/DATOS/Juanjo/Datasets/COLD/PCD_LARGE/FRIBURGO_A/
Indoor_MinkUNeXt_pos_per_query16batch_size512_truncated_aug0pos0.4neg0.4voxel_size0.05height-0.25_20250327_2035 + epoch_ + 1, 91.11369809856423, 90.24118738404454, 78.00378429517502, 80.67729083665338, 88.9259877573734, 73.51724137931035, 71.57598499061913, 83.01435406698565, 74.71264367816092, 79.35779816513761, 81.11399706520243, 97.51649204501358, 99.18367346938776, 94.41816461684012, 89.64143426294821, 97.27323316638842, 96.91954022988506, 93.66791744840526, 98.08612440191388, 90.6896551724138, 94.61009174311926, 95.20063265563152
Dataset set: /media/arvc/DATOS/Juanjo/Datasets/COLD/PCD_LARGE/FRIBURGO_A/
Indoor_MinkUNeXt_pos_per_query16batch_size512_truncated_aug0pos0.4neg0.4voxel_size0.05height-0.25_20250327_2035 + epoch_ + 50, 91.42413659293751, 94.32282003710574, 86.28192999053927, 83.96414342629483, 87.36783528102393, 75.816091954023, 71.62288930581614, 86.8421052631579, 78.62068965517241, 81.65137614678899, 83.79140176528597, 97.36127279782693, 99.70315398886828, 96.49952696310312, 90.73705179282868, 96.16026711185309, 97.14942528735632, 95.77861163227017, 97.84688995215312, 93.44827586206897, 96.3302752293578, 96.10147506176864

Dataset set: /media/arvc/DATOS/Juanjo/Datasets/COLD/PCD_DISTILL_ANY_DEPTH_SMALL/FRIBURGO_A/
Indoor_MinkUNeXt_pos_per_query16batch_size512_truncated_aug0pos0.4neg0.4voxel_size0.05height-0.25_20250330_1333 + epoch_ + 1, 85.75863407062477, 83.97031539888683, 64.85335856196784, 82.02191235059762, 82.13689482470785, 70.16091954022988, 62.61726078799249, 79.06698564593302, 67.24137931034483, 76.03211009174312, 75.38597705830281, 96.54637175009701, 96.95732838589981, 85.57237464522233, 89.69123505976096, 94.37952142459655, 94.75862068965517, 89.72795497185741, 91.6267942583732, 81.03448275862068, 93.34862385321101, 91.36433077972944
Dataset set: /media/arvc/DATOS/Juanjo/Datasets/COLD/PCD_DISTILL_ANY_DEPTH_SMALL/FRIBURGO_A/
Indoor_MinkUNeXt_pos_per_query16batch_size512_truncated_aug0pos0.4neg0.4voxel_size0.05height-0.25_20250330_1333 + epoch_ + 50, 90.25999223903764, 90.46382189239333, 76.91579943235573, 81.82270916334662, 86.47746243739566, 71.58620689655173, 63.789868667917446, 83.13397129186603, 70.34482758620689, 77.29357798165137, 79.20882375887224, 98.17617384555685, 98.77551020408163, 93.5666982024598, 91.08565737051792, 95.26989426822482, 95.03448275862068, 90.57223264540337, 93.54066985645933, 85.17241379310346, 94.4954128440367, 93.56891457884646
Dataset set: /media/arvc/DATOS/Juanjo/Datasets/COLD/PCD_DISTILL_ANY_DEPTH_BASE/FRIBURGO_A/
Indoor_MinkUNeXt_pos_per_query16batch_size512_truncated_aug0pos0.4neg0.4voxel_size0.05height-0.25_20250330_1849 + epoch_ + 1, 89.48389600310438, 89.72170686456401, 75.59129612109746, 80.32868525896414, 87.14524207011685, 73.51724137931035, 67.63602251407129, 80.38277511961722, 71.60919540229885, 75.68807339449542, 79.110413412764, 97.28366317423361, 99.14656771799629, 92.2421948912015, 88.34661354581674, 94.71341124095714, 96.27586206896551, 93.62101313320825, 94.377990430622, 88.62068965517241, 93.80733944954129, 93.84353453077149
Dataset set: /media/arvc/DATOS/Juanjo/Datasets/COLD/PCD_DISTILL_ANY_DEPTH_BASE/FRIBURGO_A/
Indoor_MinkUNeXt_pos_per_query16batch_size512_truncated_aug0pos0.4neg0.4voxel_size0.05height-0.25_20250330_1849 + epoch_ + 50, 91.19130772215755, 93.32096474953617, 84.34247871333964, 83.71513944223108, 90.2615470228158, 75.9080459770115, 73.59287054409006, 83.13397129186603, 75.17241379310344, 80.73394495412845, 83.13726842102798, 97.82693053938688, 99.81447124304268, 96.16840113528855, 91.28486055776892, 96.88369504730106, 97.51724137931035, 96.20075046904316, 98.32535885167464, 91.95402298850574, 98.27981651376146, 96.42555487250834

Dataset set: /media/arvc/DATOS/Juanjo/Datasets/COLD/PCD_SMALL/FRIBURGO_A/
Indoor_MinkUNeXt_pos_per_query16batch_size512_truncated_aug0pos0.4neg0.4voxel_size0.05height-0.25_20250330_2059 + epoch_ + 1, 85.21536670547147, 86.86456400742115, 69.91485335856197, 82.37051792828686, 85.58708959376739, 72.36781609195401, 63.41463414634146, 82.41626794258373, 70.6896551724138, 77.63761467889908, 77.64783796257011, 96.23593325572371, 98.9239332096475, 88.88363292336803, 91.7828685258964, 96.661101836394, 95.2183908045977, 90.94746716697935, 94.61722488038278, 86.0919540229885, 94.61009174311926, 93.39725983690971
Dataset set: /media/arvc/DATOS/Juanjo/Datasets/COLD/PCD_SMALL/FRIBURGO_A/
Indoor_MinkUNeXt_pos_per_query16batch_size512_truncated_aug0pos0.4neg0.4voxel_size0.05height-0.25_20250330_2059 + epoch_ + 50, 89.63911525029104, 92.20779220779221, 79.94323557237465, 82.5199203187251, 89.31552587646077, 71.77011494252874, 64.8686679174484, 84.33014354066985, 74.71264367816092, 81.65137614678899, 81.09585354512406, 97.82693053938688, 99.48051948051948, 94.18164616840113, 92.0816733067729, 97.77406789092933, 94.80459770114943, 89.44652908067542, 97.36842105263158, 88.85057471264368, 96.67431192660551, 94.84892718597153
Dataset set: /media/arvc/DATOS/Juanjo/Datasets/COLD/PCD_BASE/FRIBURGO_A/
Indoor_MinkUNeXt_pos_per_query16batch_size512_truncated_aug0pos0.4neg0.4voxel_size0.05height-0.25_20250330_2322 + epoch_ + 1, 86.10787737679473, 85.75139146567719, 66.84011352885526, 79.43227091633466, 87.92431830829159, 70.94252873563218, 68.15196998123827, 81.45933014354067, 75.63218390804597, 77.29357798165137, 77.95355623460618, 95.38222739619712, 96.84601113172542, 90.1135288552507, 88.79482071713147, 97.32888146911519, 92.32183908045977, 91.04127579737336, 97.1291866028708, 91.14942528735632, 92.88990825688074, 93.29971045943608
Dataset set: /media/arvc/DATOS/Juanjo/Datasets/COLD/PCD_BASE/FRIBURGO_A/
Indoor_MinkUNeXt_pos_per_query16batch_size512_truncated_aug0pos0.4neg0.4voxel_size0.05height-0.25_20250330_2322 + epoch_ + 50, 89.52270081490104, 89.6103896103896, 78.94985808893094, 81.82270916334662, 91.04062326099054, 70.94252873563218, 68.94934333958724, 83.61244019138756, 78.04597701149424, 79.70183486238533, 81.21984050790454, 96.74039580908033, 98.40445269016698, 94.46546830652791, 89.8406374501992, 97.8297161936561, 94.39080459770115, 93.05816135084429, 97.1291866028708, 91.83908045977012, 95.41284403669725, 94.91107474975142
Dataset set: /media/arvc/DATOS/Juanjo/Datasets/COLD/PCD_DISTILL_ANY_DEPTH_LARGE/FRIBURGO_A/
Indoor_MinkUNeXt_pos_per_query16batch_size512_truncated_aug0pos0.4neg0.4voxel_size0.1height-0.25_20250404_0919 + epoch_ + 1, 90.64804035700426, 91.31725417439704, 79.65941343424787, 81.67330677290838, 90.4284919309961, 74.29885057471265, 68.99624765478424, 85.4066985645933, 73.33333333333333, 75.45871559633028, 81.12203523933076, 97.51649204501358, 99.10946196660483, 94.98580889309366, 90.38844621513944, 96.88369504730106, 97.83908045977012, 94.27767354596624, 97.84688995215312, 88.04597701149424, 93.46330275229357, 95.03568278888298
Dataset set: /media/arvc/DATOS/Juanjo/Datasets/COLD/PCD_DISTILL_ANY_DEPTH_LARGE/FRIBURGO_A/
Indoor_MinkUNeXt_pos_per_query16batch_size512_truncated_aug0pos0.4neg0.4voxel_size0.1height-0.25_20250404_0919 + epoch_ + 50, 90.76445479239426, 94.76808905380334, 86.47114474929045, 83.56573705179284, 89.14858096828047, 76.183908045977, 70.21575984990619, 86.36363636363636, 76.55172413793103, 80.04587155963303, 83.40789065726449, 97.4000776096236, 99.3692022263451, 96.8306527909177, 91.28486055776892, 96.60545353366722, 98.25287356321839, 94.51219512195121, 98.80382775119617, 92.52873563218391, 96.44495412844036, 96.20328329153126
