Indoor_MinkUNeXt_truncated_augonly_best_effects0.4_0.05pos0.7neg0.7voxel_size0.05height-0.25_20250218_1000 + epoch_ + 1, 0.42252912464635084, 0.40392922853370133, 0.9772830047462134, 0.6012471193087552, 86.45712068296469, 86.38218923933209, 72.94228949858089, 81.92719980695922, 95.80908032596042, 97.95918367346938, 92.2421948912015, 95.33681963021043
Indoor_MinkUNeXt_truncated_augonly_best_effects0.4_0.05pos0.7neg0.7voxel_size0.05height-0.25_20250218_1006 + epoch_ + 100, 0.3315202656474114, 0.3046262237018831, 0.43619393680745133, 0.3574468087189153, 90.25999223903764, 92.13358070500928, 80.13245033112582, 87.50867442505758, 97.12844392704696, 99.44341372912801, 97.7767265846736, 98.11619474694953
Indoor_MinkUNeXt_truncated_augonly_best_effects0.4_0.05pos0.7neg0.7voxel_size0.05height-0.25_20250218_1006 + epoch_ + 110, 0.2973349223072484, 0.3225648572010379, 0.509178813755361, 0.37635953108788245, 90.37640667442763, 92.65306122448979, 79.94323557237465, 87.65756782376401, 97.51649204501358, 99.07235621521335, 97.16177861873227, 97.91687562631974
Indoor_MinkUNeXt_truncated_augonly_best_effects0.4_0.05pos0.7neg0.7voxel_size0.05height-0.25_20250218_1006 + epoch_ + 120, 0.3087994805483389, 0.3079608933968761, 0.4432222349088615, 0.35332753628469216, 90.37640667442763, 92.13358070500928, 80.17975402081362, 87.56324713341684, 97.55529685681024, 99.25788497217069, 97.11447492904448, 97.97588558600847
Indoor_MinkUNeXt_truncated_augonly_best_effects0.4_0.05pos0.7neg0.7voxel_size0.05height-0.25_20250218_1006 + epoch_ + 130, 0.28962161831790256, 0.31530926928377156, 0.4278735366832722, 0.34426814142831547, 91.0360884749709, 91.7996289424861, 80.27436140018922, 87.70335960588206, 97.82693053938688, 99.07235621521335, 97.01986754966887, 97.97305143475637
Indoor_MinkUNeXt_truncated_augonly_best_effects0.4_0.05pos0.7neg0.7voxel_size0.05height-0.25_20250218_1006 + epoch_ + 140, 0.28179710709952066, 0.31813631138802106, 0.46804208810677966, 0.3559918355314405, 90.57043073341094, 91.61410018552876, 79.3282876064333, 87.17093950845766, 97.63290648040356, 99.29499072356215, 96.59413434247871, 97.84067718214813
Indoor_MinkUNeXt_truncated_augonly_best_effects0.4_0.05pos0.7neg0.7voxel_size0.05height-0.25_20250218_1006 + epoch_ + 150, 0.3263258083944105, 0.3278945962482827, 0.522529775352376, 0.39225005999835644, 90.88086922778425, 91.53988868274583, 78.76064333017976, 87.06046708023662, 97.90454016298021, 98.44155844155844, 96.49952696310312, 97.61520852254726
Indoor_MinkUNeXt_truncated_augonly_best_effects0.4_0.05pos0.7neg0.7voxel_size0.05height-0.25_20250218_1006 + epoch_ + 160, 0.31496569425120363, 0.31926213045014284, 0.4933219923878179, 0.3758499390297214, 90.88086922778425, 92.02226345083488, 79.56480605487228, 87.4893129111638, 97.86573535118355, 98.66419294990723, 96.7833491012299, 97.77109246744021
Indoor_MinkUNeXt_truncated_augonly_best_effects0.4_0.05pos0.7neg0.7voxel_size0.05height-0.25_20250218_1006 + epoch_ + 170, 0.2974103936716012, 0.30978499596716175, 0.47902901978867823, 0.36207480314248036, 91.0360884749709, 92.17068645640074, 79.09176915799432, 87.43284802978864, 97.94334497477686, 98.99814471243043, 96.7833491012299, 97.90827959614573
Indoor_MinkUNeXt_truncated_augonly_best_effects0.4_0.05pos0.7neg0.7voxel_size0.05height-0.25_20250218_1006 + epoch_ + 180, 0.305015646707961, 0.3023470604188243, 0.46085838101366094, 0.35607369604681544, 90.95847885137756, 92.17068645640074, 79.51750236518448, 87.54888922432093, 97.7105161039969, 98.9239332096475, 96.59413434247871, 97.74286121870769
Indoor_MinkUNeXt_truncated_augonly_best_effects0.4_0.05pos0.7neg0.7voxel_size0.05height-0.25_20250218_1006 + epoch_ + 190, 0.2923890932567072, 0.3026752381592212, 0.4665616247229995, 0.35387531871297595, 90.99728366317423, 92.17068645640074, 79.61210974456007, 87.59335995471169, 97.7105161039969, 98.96103896103897, 96.54683065279092, 97.73946190594226
Indoor_MinkUNeXt_truncated_augonly_best_effects0.4_0.05pos0.7neg0.7voxel_size0.05height-0.25_20250218_1006 + epoch_ + 200, 0.298839657336864, 0.30699607356491054, 0.4654874814952977, 0.35710773746569074, 90.99728366317423, 92.24489795918367, 79.61210974456007, 87.618097122306, 97.63290648040356, 98.96103896103897, 96.59413434247871, 97.72935992797375
Indoor_MinkUNeXt_truncated_augonly_best_effects0.4_0.1pos0.7neg0.7voxel_size0.05height-0.25_20250218_1252 + epoch_ + 100, 0.28698574382688585, 0.31696623554116476, 0.5079509381833978, 0.3706343058504828, 90.25999223903764, 92.430426716141, 79.4228949858089, 87.37110464699585, 97.78812572759023, 99.33209647495362, 95.69536423841059, 97.60519548031816
Indoor_MinkUNeXt_truncated_augonly_best_effects0.4_0.1pos0.7neg0.7voxel_size0.05height-0.25_20250218_1252 + epoch_ + 110, 0.3179210966067812, 0.31656885306219673, 0.5321323587393925, 0.38887410280279017, 91.46294140473418, 92.3191094619666, 79.89593188268685, 87.89266091646255, 98.21497865735351, 98.88682745825604, 95.93188268684958, 97.67789626748636
Indoor_MinkUNeXt_truncated_augonly_best_effects0.4_0.1pos0.7neg0.7voxel_size0.05height-0.25_20250218_1252 + epoch_ + 120, 0.3303773540320888, 0.34826640296276157, 0.4867048120981153, 0.38844952303098856, 90.88086922778425, 92.17068645640074, 80.70009460737938, 87.9172167638548, 98.0209545983702, 98.88682745825604, 97.01986754966887, 97.97588320209836
Indoor_MinkUNeXt_truncated_augonly_best_effects0.4_0.1pos0.7neg0.7voxel_size0.05height-0.25_20250218_1252 + epoch_ + 130, 0.3004197653417992, 0.3390471684049757, 0.46318826421348885, 0.3675517326534212, 90.02716336825767, 91.7996289424861, 79.18637653736992, 87.0043896160379, 98.09856422196353, 98.84972170686457, 95.88457899716177, 97.61095497532996
Indoor_MinkUNeXt_truncated_augonly_best_effects0.4_0.1pos0.7neg0.7voxel_size0.05height-0.25_20250218_1252 + epoch_ + 140, 0.27781994333259197, 0.2958152835349498, 0.511301446006383, 0.3616455576246416, 90.45401629802096, 92.8756957328386, 78.38221381267739, 87.23730861451232, 97.67171129220024, 99.3692022263451, 95.78997161778618, 97.61029504544383
Indoor_MinkUNeXt_truncated_augonly_best_effects0.4_0.1pos0.7neg0.7voxel_size0.05height-0.25_20250218_1252 + epoch_ + 150, 0.2757671231620743, 0.32266940097065844, 0.47680596136878833, 0.35841416183384034, 91.30772215754753, 92.02226345083488, 79.56480605487228, 87.6315972210849, 98.1373690337602, 99.25788497217069, 96.68874172185431, 98.02799857592841
Indoor_MinkUNeXt_truncated_augonly_best_effects0.4_0.1pos0.7neg0.7voxel_size0.05height-0.25_20250218_1252 + epoch_ + 160, 0.27384292982068115, 0.32901006953959155, 0.4936337586956271, 0.3654955860186333, 91.3465269693442, 92.05936920222635, 79.3282876064333, 87.57806125933462, 98.21497865735351, 99.18367346938776, 96.49952696310312, 97.9660596966148
Indoor_MinkUNeXt_truncated_augonly_best_effects0.4_0.1pos0.7neg0.7voxel_size0.05height-0.25_20250218_1252 + epoch_ + 170, 0.2700477012005281, 0.3227834535085639, 0.488540582606809, 0.360457245771967, 91.11369809856423, 92.54174397031541, 79.61210974456007, 87.7558506044799, 98.1373690337602, 98.96103896103897, 96.31031220435194, 97.80290673305036
Indoor_MinkUNeXt_truncated_augonly_best_effects0.4_0.1pos0.7neg0.7voxel_size0.05height-0.25_20250218_1252 + epoch_ + 180, 0.2777762834061838, 0.3168095081644939, 0.4885554732096342, 0.36104708826010395, 90.91967403958091, 92.91280148423006, 80.17975402081362, 88.00407651487485, 98.1373690337602, 98.96103896103897, 96.16840113528855, 97.75560304336257
Indoor_MinkUNeXt_truncated_augonly_best_effects0.4_0.1pos0.7neg0.7voxel_size0.05height-0.25_20250218_1252 + epoch_ + 190, 0.2826217739280344, 0.3171346286976244, 0.4815178331357762, 0.36042474525381163, 90.95847885137756, 92.83858998144713, 80.22705771050141, 88.0080421811087, 98.1373690337602, 98.96103896103897, 96.21570482497634, 97.77137093992518
Indoor_MinkUNeXt_truncated_augonly_best_effects0.4_0.1pos0.7neg0.7voxel_size0.05height-0.25_20250218_1252 + epoch_ + 200, 0.2775046155207634, 0.31737132195105255, 0.49012069009713266, 0.3616655425229829, 90.99728366317423, 92.91280148423006, 80.17975402081362, 88.02994638940596, 98.1373690337602, 98.96103896103897, 96.12109744560075, 97.73983514679998
Indoor_MinkUNeXt_truncated_augonly_best_effects0.4_0.1pos0.7neg0.7voxel_size0.05height-0.25_20250218_1520 + epoch_ + 100, 0.25717498981774595, 0.2963426213099171, 0.4576492506872435, 0.33705562060496885, 90.76445479239426, 93.06122448979592, 80.79470198675497, 88.20679375631505, 97.67171129220024, 99.10946196660483, 96.8306527909177, 97.87060868324092
Indoor_MinkUNeXt_truncated_augonly_best_effects0.4_0.1pos0.7neg0.7voxel_size0.05height-0.25_20250218_1520 + epoch_ + 110, 0.26451476734849133, 0.33037908877169436, 0.5505895022825728, 0.3818277861342529, 90.95847885137756, 91.76252319109463, 79.89593188268685, 87.53897797505302, 98.37019790454016, 98.77551020408163, 96.07379375591296, 97.73983395484493
Indoor_MinkUNeXt_truncated_augonly_best_effects0.4_0.1pos0.7neg0.7voxel_size0.05height-0.25_20250218_1520 + epoch_ + 120, 0.30081604281541663, 0.3157456605082797, 0.4470396384706799, 0.3545337805981254, 90.2987970508343, 91.94805194805194, 80.51087984862819, 87.58590961583815, 98.21497865735351, 98.9239332096475, 96.68874172185431, 97.94255119628512
Indoor_MinkUNeXt_truncated_augonly_best_effects0.4_0.1pos0.7neg0.7voxel_size0.05height-0.25_20250218_1520 + epoch_ + 130, 0.31752137792157265, 0.3175005123475709, 0.44634441394701074, 0.3604554347387181, 90.7256499805976, 92.28200371057514, 78.80794701986756, 87.27186690368008, 97.90454016298021, 99.07235621521335, 96.02649006622516, 97.66779548147291
Indoor_MinkUNeXt_truncated_augonly_best_effects0.4_0.15pos0.7neg0.7voxel_size0.05height-0.25_20250218_1708 + epoch_ + 100, 0.28031739937427613, 0.2883149932373295, 0.4299450228605291, 0.3328591384907116, 90.95847885137756, 92.65306122448979, 81.5515610217597, 88.38770036587569, 98.0209545983702, 99.29499072356215, 96.35761589403974, 97.8911870719907
Indoor_MinkUNeXt_truncated_augonly_best_effects0.4_0.15pos0.7neg0.7voxel_size0.05height-0.25_20250218_1708 + epoch_ + 110, 0.2789066569838636, 0.31985212465380153, 0.43435192122131583, 0.344370234286327, 90.4152114862243, 91.42857142857143, 80.27436140018922, 87.37271477166165, 97.20605355064028, 99.10946196660483, 96.68874172185431, 97.66808574636646
Indoor_MinkUNeXt_truncated_augonly_best_effects0.4_0.15pos0.7neg0.7voxel_size0.05height-0.25_20250218_1708 + epoch_ + 120, 0.25314735901227403, 0.3284869825567275, 0.41507294527477995, 0.33223576228126045, 90.57043073341094, 91.76252319109463, 80.84200567644277, 87.72498653364944, 97.4000776096236, 98.96103896103897, 97.35099337748345, 97.90403664938201
Indoor_MinkUNeXt_truncated_augonly_best_effects0.4_0.15pos0.7neg0.7voxel_size0.05height-0.25_20250218_1708 + epoch_ + 130, 0.2585075227787832, 0.29795733631223054, 0.40145242766903005, 0.31930576225334795, 89.91074893286768, 92.72727272727272, 81.64616840113528, 88.09473002042523, 97.82693053938688, 99.51762523191094, 96.92526017029329, 98.08993864719703
Indoor_MinkUNeXt_truncated_augonly_best_effects0.4_0.15pos0.7neg0.7voxel_size0.05height-0.25_20250218_1708 + epoch_ + 140, 0.27376757432425697, 0.3139952456673157, 0.4093671180332898, 0.3323766460082875, 89.75552968568103, 92.35621521335807, 80.74739829706718, 87.6197143987021, 97.32246798603028, 98.96103896103897, 96.40491958372753, 97.56280884359893
Indoor_MinkUNeXt_truncated_augonly_best_effects0.4_0.15pos0.7neg0.7voxel_size0.05height-0.25_20250218_1708 + epoch_ + 150, 0.2757377867886805, 0.29799770664300906, 0.42612472386197287, 0.3332867390978875, 90.2987970508343, 93.65491651205937, 79.56480605487228, 87.83950653925531, 97.36127279782693, 99.29499072356215, 96.7833491012299, 97.81320420753964
Indoor_MinkUNeXt_truncated_augonly_best_effects0.4_0.15pos0.7neg0.7voxel_size0.05height-0.25_20250218_1708 + epoch_ + 160, 0.2711013500547651, 0.2998232493418763, 0.43815925589279264, 0.33636128509647806, 90.104772991851, 93.35807050092765, 79.99053926206244, 87.81779425161369, 97.32246798603028, 99.10946196660483, 96.59413434247871, 97.67535476503794
Indoor_MinkUNeXt_truncated_augonly_best_effects0.4_0.15pos0.7neg0.7voxel_size0.05height-0.25_20250218_1708 + epoch_ + 170, 0.2613484254190055, 0.29963018370004113, 0.4378568691003449, 0.33294515940646385, 90.33760186263096, 93.54359925788496, 79.99053926206244, 87.95724679419278, 97.28366317423361, 99.18367346938776, 96.73604541154211, 97.7344606850545
Indoor_MinkUNeXt_truncated_augonly_best_effects0.4_0.15pos0.7neg0.7voxel_size0.05height-0.25_20250218_1708 + epoch_ + 180, 0.2612908166280724, 0.30601918987357035, 0.4403061610899093, 0.33587205586385066, 90.25999223903764, 93.35807050092765, 79.09176915799432, 87.56994396598652, 97.20605355064028, 99.10946196660483, 96.6414380321665, 97.65231784980386
Indoor_MinkUNeXt_truncated_augonly_best_effects0.4_0.15pos0.7neg0.7voxel_size0.05height-0.25_20250218_1708 + epoch_ + 190, 0.26234226897801877, 0.30428198458653505, 0.4356783840852481, 0.33410087921660064, 90.18238261544431, 93.58070500927643, 79.4228949858089, 87.72866087017655, 97.28366317423361, 99.14656771799629, 96.68874172185431, 97.70632420469474
Indoor_MinkUNeXt_truncated_augonly_best_effects0.4_0.15pos0.7neg0.7voxel_size0.05height-0.25_20250218_1708 + epoch_ + 200, 0.26224574827954367, 0.30444296114166125, 0.4358313071417062, 0.3341733388543037, 90.18238261544431, 93.5064935064935, 79.4228949858089, 87.70392370258224, 97.28366317423361, 99.14656771799629, 96.6414380321665, 97.69055630813214
Indoor_MinkUNeXt_truncated_augonly_best_effects0.4_0.2pos0.7neg0.7voxel_size0.05height-0.25_20250218_1949 + epoch_ + 100, 0.27695189001600307, 0.29102859582528157, 0.46593234067666917, 0.34463760883931793, 90.53162592161428, 93.20964749536178, 81.5042573320719, 88.41517691634932, 98.21497865735351, 99.44341372912801, 96.6414380321665, 98.09994347288267
Indoor_MinkUNeXt_truncated_augonly_best_effects0.4_0.2pos0.7neg0.7voxel_size0.05height-0.25_20250218_1949 + epoch_ + 110, 0.28944716101845575, 0.32988148042476284, 0.43145114503202264, 0.35025992882508045, 90.6092355452076, 92.09647495361781, 80.98391674550615, 87.89654241477717, 98.09856422196353, 99.3692022263451, 96.68874172185431, 98.05216939005432
Indoor_MinkUNeXt_truncated_augonly_best_effects0.4_0.2pos0.7neg0.7voxel_size0.05height-0.25_20250218_1949 + epoch_ + 120, 0.29258674894382963, 0.3049449918968791, 0.43009033479230985, 0.34254069187767283, 90.49282110981763, 93.06122448979592, 80.22705771050141, 87.927034436705, 98.3313930927435, 99.29499072356215, 97.54020813623463, 98.38886398418009
Indoor_MinkUNeXt_truncated_augonly_best_effects0.4_0.2pos0.7neg0.7voxel_size0.05height-0.25_20250218_1949 + epoch_ + 130, 0.26406170282458147, 0.3033399066594884, 0.4508628643175641, 0.33942149126721133, 90.45401629802096, 93.28385899814471, 80.36896877956481, 88.03561469191015, 98.29258828094683, 99.22077922077922, 97.06717123935667, 98.19351291369424
Indoor_MinkUNeXt_truncated_augonly_best_effects0.4_0.2pos0.7neg0.7voxel_size0.05height-0.25_20250218_1949 + epoch_ + 140, 0.26921956351719684, 0.30232805952042985, 0.4230346890520242, 0.33152743736321694, 90.80325960419093, 93.24675324675324, 80.74739829706718, 88.26580371600379, 98.4478075281335, 99.40630797773655, 96.8306527909177, 98.22825609892925
Indoor_MinkUNeXt_truncated_augonly_best_effects0.4_0.2pos0.7neg0.7voxel_size0.05height-0.25_20250218_1949 + epoch_ + 150, 0.27198011108461795, 0.3002865858660469, 0.4109071808338271, 0.32772462592816404, 89.3674815677144, 94.1743970315399, 81.69347209082308, 88.41178356335912, 97.51649204501358, 99.48051948051948, 97.16177861873227, 98.05293004808844
Indoor_MinkUNeXt_truncated_augonly_best_effects0.4_0.2pos0.7neg0.7voxel_size0.05height-0.25_20250218_1949 + epoch_ + 160, 0.2727361975160009, 0.30068613629323904, 0.42143563144301804, 0.33161932175075265, 89.25106713232441, 93.80333951762523, 82.07190160832545, 88.37543608609171, 98.0209545983702, 99.44341372912801, 96.92526017029329, 98.1298761659305
Indoor_MinkUNeXt_truncated_augonly_best_effects0.4_0.2pos0.7neg0.7voxel_size0.05height-0.25_20250218_1949 + epoch_ + 170, 0.2756538287431857, 0.3008386527781946, 0.4254799070081988, 0.33399079617652633, 89.94955374466433, 93.65491651205937, 81.74077578051087, 88.44841534574486, 98.05975941016686, 99.48051948051948, 97.20908230842007, 98.24978706636881
Indoor_MinkUNeXt_truncated_augonly_best_effects0.4_0.2pos0.7neg0.7voxel_size0.05height-0.25_20250218_1949 + epoch_ + 180, 0.2711652417650572, 0.29461206361659004, 0.4184633000898946, 0.3280802018238473, 89.91074893286768, 93.87755102040816, 81.97729422894986, 88.58853139407523, 98.1373690337602, 99.48051948051948, 97.11447492904448, 98.24412114777472
Indoor_MinkUNeXt_truncated_augonly_best_effects0.4_0.2pos0.7neg0.7voxel_size0.05height-0.25_20250218_1949 + epoch_ + 190, 0.2715161260918685, 0.2944992412354098, 0.4119529342806967, 0.325989433869325, 89.988358556461, 93.76623376623377, 81.97729422894986, 88.57729551721486, 98.09856422196353, 99.51762523191094, 97.20908230842007, 98.27509058743152
Indoor_MinkUNeXt_truncated_augonly_best_effects0.4_0.2pos0.7neg0.7voxel_size0.05height-0.25_20250218_1949 + epoch_ + 200, 0.2717754804126048, 0.29699634599863717, 0.41617289733091134, 0.3283149079140511, 89.87194412107101, 93.80333951762523, 81.88268684957427, 88.51932349609017, 98.17617384555685, 99.51762523191094, 97.20908230842007, 98.30096046196262
Indoor_MinkUNeXt_truncated_augonly_best_effects0.4_0.25pos0.7neg0.7voxel_size0.05height-0.25_20250218_2152 + epoch_ + 100, 0.3195423643531162, 0.32093277859695907, 0.435223419518771, 0.3585661874896154, 90.18238261544431, 92.3191094619666, 79.80132450331125, 87.43427219357405, 97.63290648040356, 99.51762523191094, 96.73604541154211, 97.96219237461885
Indoor_MinkUNeXt_truncated_augonly_best_effects0.4_0.25pos0.7neg0.7voxel_size0.05height-0.25_20250218_2152 + epoch_ + 110, 0.26908661369356923, 0.31963067911096216, 0.4522106787744428, 0.3469759905263248, 89.63911525029104, 92.05936920222635, 79.65941343424787, 87.11929929558842, 97.90454016298021, 99.33209647495362, 96.8306527909177, 98.02242980961717
Indoor_MinkUNeXt_truncated_augonly_best_effects0.4_0.25pos0.7neg0.7voxel_size0.05height-0.25_20250218_2152 + epoch_ + 120, 0.2740703295352109, 0.31133645870472143, 0.44472248530230574, 0.34337642451407935, 89.79433449747769, 92.50463821892393, 79.3755912961211, 87.22485467084091, 97.78812572759023, 99.29499072356215, 97.20908230842007, 98.09739958652415
Indoor_MinkUNeXt_truncated_augonly_best_effects0.4_0.25pos0.7neg0.7voxel_size0.05height-0.25_20250218_2152 + epoch_ + 130, 0.26317308280580254, 0.3523377078772856, 0.44703413531116915, 0.3541816419980857, 90.33760186263096, 91.9851576994434, 79.3755912961211, 87.23278361939849, 97.63290648040356, 99.29499072356215, 96.92526017029329, 97.95105245808634
Indoor_MinkUNeXt_truncated_augonly_best_effects0.4_0.25pos0.7neg0.7voxel_size0.05height-0.25_20250218_2152 + epoch_ + 140, 0.30240829251610063, 0.30960932503838007, 0.4571269657735819, 0.3563815277760209, 90.49282110981763, 92.83858998144713, 79.4228949858089, 87.58476869235788, 97.47768723321691, 99.48051948051948, 96.54683065279092, 97.8350124555091
Indoor_MinkUNeXt_truncated_augonly_best_effects0.4_0.25pos0.7neg0.7voxel_size0.05height-0.25_20250218_2152 + epoch_ + 150, 0.29379751885722366, 0.3272324617187467, 0.42581066642494253, 0.34894688233363763, 89.83313930927434, 92.65306122448979, 80.36896877956481, 87.61838977110965, 97.43888242142026, 99.40630797773655, 96.35761589403974, 97.73426876439885
Indoor_MinkUNeXt_truncated_augonly_best_effects0.4_0.25pos0.7neg0.7voxel_size0.05height-0.25_20250218_2152 + epoch_ + 160, 0.28658096448622344, 0.31236556813273486, 0.44672979561416915, 0.34855877607770913, 89.94955374466433, 92.94990723562152, 80.22705771050141, 87.70883956359576, 97.43888242142026, 99.51762523191094, 96.59413434247871, 97.8502139986033
Indoor_MinkUNeXt_truncated_augonly_best_effects0.4_0.25pos0.7neg0.7voxel_size0.05height-0.25_20250218_2152 + epoch_ + 170, 0.28111404141013213, 0.3098793435516925, 0.44026596171423915, 0.3437531155586879, 90.18238261544431, 92.61595547309834, 80.74739829706718, 87.8485787952033, 97.63290648040356, 99.5547309833024, 96.54683065279092, 97.91148937216563
Indoor_MinkUNeXt_truncated_augonly_best_effects0.4_0.25pos0.7neg0.7voxel_size0.05height-0.25_20250218_2152 + epoch_ + 180, 0.2938044722738315, 0.3052355400381821, 0.4415207315415303, 0.34685358128451466, 90.18238261544431, 92.80148423005566, 80.36896877956481, 87.78427854168825, 98.17617384555685, 99.5547309833024, 96.45222327341533, 98.0610427007582
Indoor_MinkUNeXt_truncated_augonly_best_effects0.4_0.25pos0.7neg0.7voxel_size0.05height-0.25_20250218_2152 + epoch_ + 190, 0.2943421799037242, 0.30557904159276933, 0.44874346918401886, 0.3495548968935041, 90.06596818005433, 92.8756957328386, 80.51087984862819, 87.8175145871737, 98.1373690337602, 99.51762523191094, 96.40491958372753, 98.01997128313288
Indoor_MinkUNeXt_truncated_augonly_best_effects0.4_0.25pos0.7neg0.7voxel_size0.05height-0.25_20250218_2152 + epoch_ + 200, 0.29397986739826926, 0.3071676981782256, 0.4450669329008287, 0.34873816615910785, 90.14357780364766, 92.94990723562152, 80.36896877956481, 87.82081793961133, 98.05975941016686, 99.51762523191094, 96.45222327341533, 98.00986930516437
Indoor_MinkUNeXt_truncated_augonly_best_effects0.4_0.3pos0.7neg0.7voxel_size0.05height-0.25_20250218_2357 + epoch_ + 100, 0.34770293478126973, 0.3260007856329621, 0.46355799815484644, 0.37908723952302603, 89.28987194412107, 91.72541743970315, 78.57142857142857, 86.52890598508425, 97.74932091579356, 99.14656771799629, 96.02649006622516, 97.64079290000501
Indoor_MinkUNeXt_truncated_augonly_best_effects0.4_0.3pos0.7neg0.7voxel_size0.05height-0.25_20250218_2357 + epoch_ + 110, 0.3079334287791493, 0.3134315970144543, 0.4463265645914218, 0.3558971967950085, 90.25999223903764, 92.05936920222635, 79.70671712393566, 87.34202618839988, 97.86573535118355, 99.40630797773655, 96.59413434247871, 97.95539255713294
Indoor_MinkUNeXt_truncated_augonly_best_effects0.4_0.3pos0.7neg0.7voxel_size0.05height-0.25_20250218_2357 + epoch_ + 120, 0.30452683763738053, 0.3124614127699401, 0.46297060288094644, 0.3599862844294224, 89.988358556461, 92.3191094619666, 78.57142857142857, 86.95963219661871, 97.24485836243694, 99.33209647495362, 96.35761589403974, 97.64485691047678
Indoor_MinkUNeXt_truncated_augonly_best_effects0.4_0.3pos0.7neg0.7voxel_size0.05height-0.25_20250218_2357 + epoch_ + 130, 0.3180465350213579, 0.32603486450106817, 0.43660425586312035, 0.36022855179518215, 89.87194412107101, 92.13358070500928, 79.70671712393566, 87.23741398333864, 96.81800543267364, 99.40630797773655, 96.97256385998108, 97.73229242346376
Indoor_MinkUNeXt_truncated_augonly_best_effects0.4_0.3pos0.7neg0.7voxel_size0.05height-0.25_20250218_2357 + epoch_ + 140, 0.3019309640661775, 0.3005094897970626, 0.448603056725803, 0.35034783686301435, 89.79433449747769, 92.57884972170687, 78.94985808893094, 87.10768076937184, 97.24485836243694, 99.48051948051948, 96.68874172185431, 97.80470652160358
Indoor_MinkUNeXt_truncated_augonly_best_effects0.4_0.3pos0.7neg0.7voxel_size0.05height-0.25_20250218_2357 + epoch_ + 150, 0.30398138146063636, 0.3246001840130017, 0.4441015759162708, 0.35756104712996967, 89.40628637951106, 92.3191094619666, 79.65941343424787, 87.12826975857519, 97.67171129220024, 99.44341372912801, 96.8306527909177, 97.98192593741533
Indoor_MinkUNeXt_truncated_augonly_best_effects0.4_0.3pos0.7neg0.7voxel_size0.05height-0.25_20250218_2357 + epoch_ + 160, 0.294615119744308, 0.33434252827225575, 0.4282711178202109, 0.35240958861225824, 89.52270081490104, 92.3191094619666, 79.61210974456007, 87.15130667380924, 97.55529685681024, 99.33209647495362, 96.59413434247871, 97.82717589141419
Indoor_MinkUNeXt_truncated_augonly_best_effects0.4_0.3pos0.7neg0.7voxel_size0.05height-0.25_20250218_2357 + epoch_ + 170, 0.2876035581924305, 0.3261029393809657, 0.41954263641903666, 0.3444163779974776, 89.91074893286768, 92.50463821892393, 79.56480605487228, 87.32673106888797, 97.28366317423361, 99.29499072356215, 96.92526017029329, 97.83463802269635
Indoor_MinkUNeXt_truncated_augonly_best_effects0.4_0.3pos0.7neg0.7voxel_size0.05height-0.25_20250218_2357 + epoch_ + 180, 0.2879525713324627, 0.327496115565047, 0.41447285693502856, 0.3433071812775128, 89.79433449747769, 92.57884972170687, 80.36896877956481, 87.58071766624978, 97.32246798603028, 99.33209647495362, 97.16177861873227, 97.93878102657204
Indoor_MinkUNeXt_truncated_augonly_best_effects0.4_0.3pos0.7neg0.7voxel_size0.05height-0.25_20250218_2357 + epoch_ + 190, 0.2888296614797628, 0.3219014954577226, 0.4151608259029608, 0.3419639942801487, 89.91074893286768, 92.57884972170687, 80.32166508987702, 87.60375458148384, 97.24485836243694, 99.3692022263451, 97.11447492904448, 97.90951183927551
Indoor_MinkUNeXt_truncated_augonly_best_effects0.4_0.3pos0.7neg0.7voxel_size0.05height-0.25_20250218_2357 + epoch_ + 200, 0.28778657751685066, 0.3212362357260159, 0.4162611746140863, 0.34176132928565095, 89.87194412107101, 92.61595547309834, 80.17975402081362, 87.55588453832765, 97.28366317423361, 99.33209647495362, 97.06717123935667, 97.89431029618129
Indoor_MinkUNeXt_truncated_augonly_best_effects0.5_0.05pos0.7neg0.7voxel_size0.05height-0.25_20250219_0204 + epoch_ + 100, 0.33281769947097206, 0.31511912014983134, 0.4904603625134681, 0.37946572737809053, 89.48389600310438, 92.50463821892393, 79.18637653736992, 87.05830358646608, 97.24485836243694, 99.18367346938776, 96.54683065279092, 97.65845416153854
Indoor_MinkUNeXt_truncated_augonly_best_effects0.5_0.05pos0.7neg0.7voxel_size0.05height-0.25_20250219_0204 + epoch_ + 110, 0.3502670149854361, 0.3130722301611043, 0.4695132521655279, 0.3776174991040228, 89.28987194412107, 93.43228200371058, 80.88930936613056, 87.87048777132073, 96.89561505626698, 99.33209647495362, 95.78997161778618, 97.33922771633559
Indoor_MinkUNeXt_truncated_augonly_best_effects0.5_0.05pos0.7neg0.7voxel_size0.05height-0.25_20250219_0204 + epoch_ + 120, 0.3167006857658334, 0.3161327471778294, 0.43407050182962703, 0.3556346449244299, 89.60031043849438, 92.8756957328386, 79.84862819299904, 87.44154478811068, 97.82693053938688, 99.14656771799629, 96.92526017029329, 97.96625280922548
Indoor_MinkUNeXt_truncated_augonly_best_effects0.5_0.05pos0.7neg0.7voxel_size0.05height-0.25_20250219_0204 + epoch_ + 130, 0.3177567570965209, 0.3221100076416872, 0.47710744976190805, 0.3723247381667054, 89.56150562669771, 92.80148423005566, 79.99053926206244, 87.4511763729386, 97.51649204501358, 99.18367346938776, 96.6414380321665, 97.78053451552262
Indoor_MinkUNeXt_truncated_augonly_best_effects0.5_0.05pos0.7neg0.7voxel_size0.05height-0.25_20250219_0204 + epoch_ + 140, 0.26894104149563686, 0.30478200419695817, 0.45105453849078336, 0.3415925280611261, 89.32867675591774, 93.32096474953617, 81.22043519394512, 87.95669223313303, 97.55529685681024, 99.29499072356215, 96.31031220435194, 97.72019992824146
Indoor_MinkUNeXt_truncated_augonly_best_effects0.5_0.05pos0.7neg0.7voxel_size0.05height-0.25_20250219_0204 + epoch_ + 150, 0.31793733083088627, 0.3240504872879716, 0.5038122369080577, 0.38193335167563847, 89.52270081490104, 93.5064935064935, 78.71333964049197, 87.24751132062882, 97.94334497477686, 99.22077922077922, 96.97256385998108, 98.04556268517906
Indoor_MinkUNeXt_truncated_augonly_best_effects0.5_0.05pos0.7neg0.7voxel_size0.05height-0.25_20250219_0204 + epoch_ + 160, 0.3086605032286328, 0.3146338288347448, 0.4798477169133106, 0.3677140163255627, 89.44509119130772, 93.54359925788496, 79.4228949858089, 87.47052847833386, 97.86573535118355, 99.22077922077922, 97.11447492904448, 98.06699650033575
Indoor_MinkUNeXt_truncated_augonly_best_effects0.5_0.05pos0.7neg0.7voxel_size0.05height-0.25_20250219_0204 + epoch_ + 170, 0.3005962159098769, 0.31628183504035, 0.4779326311033194, 0.3649368940178488, 89.56150562669771, 93.46938775510203, 79.89593188268685, 87.6422750881622, 97.86573535118355, 99.22077922077922, 96.97256385998108, 98.01969281064794
Indoor_MinkUNeXt_truncated_augonly_best_effects0.5_0.05pos0.7neg0.7voxel_size0.05height-0.25_20250219_0204 + epoch_ + 180, 0.30026768147646093, 0.31763500543227485, 0.46274405674232055, 0.36021558121701885, 89.56150562669771, 93.61781076066791, 80.17975402081362, 87.78635680272642, 97.94334497477686, 99.14656771799629, 96.87795648060549, 97.98928972445954
Indoor_MinkUNeXt_truncated_augonly_best_effects0.5_0.05pos0.7neg0.7voxel_size0.05height-0.25_20250219_0204 + epoch_ + 190, 0.30149363382135286, 0.3177324603105204, 0.46212543800741934, 0.3604505107130975, 89.56150562669771, 93.65491651205937, 80.32166508987702, 87.84602907621137, 97.94334497477686, 99.18367346938776, 96.92526017029329, 98.0174262048193
Indoor_MinkUNeXt_truncated_augonly_best_effects0.5_0.05pos0.7neg0.7voxel_size0.05height-0.25_20250219_0204 + epoch_ + 200, 0.2960626876095012, 0.31779967306410983, 0.46460414313769777, 0.3594888346037696, 89.52270081490104, 93.7291280148423, 80.55818353831599, 87.93667078935312, 97.90454016298021, 99.18367346938776, 96.92526017029329, 98.00449126755375
Indoor_MinkUNeXt_truncated_augonly_best_effects0.5_0.1pos0.7neg0.7voxel_size0.05height-0.25_20250219_0413 + epoch_ + 100, 0.32595497300486637, 0.3007382901417044, 0.454131105917868, 0.36027478968814625, 90.33760186263096, 92.02226345083488, 81.83538315988646, 88.06508282445077, 96.93441986806364, 98.81261595547309, 96.59413434247871, 97.44705672200514
Indoor_MinkUNeXt_truncated_augonly_best_effects0.5_0.1pos0.7neg0.7voxel_size0.05height-0.25_20250219_0413 + epoch_ + 110, 0.3266972951845437, 0.3031025865440185, 0.4126103336938983, 0.34747007180748685, 90.49282110981763, 90.98330241187385, 79.94323557237465, 87.1397863646887, 96.62398137369034, 99.07235621521335, 96.40491958372753, 97.36708572421041
Indoor_MinkUNeXt_truncated_augonly_best_effects0.5_0.1pos0.7neg0.7voxel_size0.05height-0.25_20250219_0413 + epoch_ + 120, 0.3601216863183297, 0.32163852196385184, 0.4218502489111193, 0.36787015239776694, 89.52270081490104, 91.91094619666048, 82.7341532639546, 88.05593342517204, 96.77920062087699, 99.29499072356215, 96.21570482497634, 97.42996538980516
Indoor_MinkUNeXt_truncated_augonly_best_effects0.5_0.1pos0.7neg0.7voxel_size0.05height-0.25_20250219_0413 + epoch_ + 130, 0.3144395807329489, 0.3030854863728735, 0.4208027038716815, 0.3461092569925013, 90.18238261544431, 92.54174397031541, 82.40302743614002, 88.37571800729991, 97.20605355064028, 99.33209647495362, 96.12109744560075, 97.55308249039821
Indoor_MinkUNeXt_truncated_augonly_best_effects0.5_0.1pos0.7neg0.7voxel_size0.05height-0.25_20250219_0413 + epoch_ + 140, 0.31977675941096995, 0.30236063108821765, 0.41155826842052573, 0.34456521963990444, 90.57043073341094, 91.50278293135436, 81.74077578051087, 87.93799648175873, 96.93441986806364, 99.51762523191094, 97.01986754966887, 97.82397088321449
Indoor_MinkUNeXt_truncated_augonly_best_effects0.5_0.1pos0.7neg0.7voxel_size0.05height-0.25_20250219_0413 + epoch_ + 150, 0.3178939576640228, 0.3203851717092719, 0.4586787619864053, 0.3656526304532333, 90.4152114862243, 91.1317254174397, 80.65279091769158, 87.39990927378518, 97.43888242142026, 99.03525046382188, 96.40491958372753, 97.62635082298989
Indoor_MinkUNeXt_truncated_augonly_best_effects0.5_0.1pos0.7neg0.7voxel_size0.05height-0.25_20250219_0413 + epoch_ + 160, 0.30538385743473523, 0.32150843137985696, 0.43758171942091484, 0.3548246694118357, 90.6092355452076, 91.1317254174397, 81.12582781456953, 87.62226292573894, 97.16724873884361, 99.22077922077922, 96.35761589403974, 97.58188128455419
Indoor_MinkUNeXt_truncated_augonly_best_effects0.5_0.1pos0.7neg0.7voxel_size0.05height-0.25_20250219_0413 + epoch_ + 170, 0.30350635716437113, 0.31281712560207847, 0.4336475670500161, 0.34999034993882194, 90.76445479239426, 91.68831168831169, 80.84200567644277, 87.76492405238291, 97.12844392704696, 99.33209647495362, 96.54683065279092, 97.66912368493048
Indoor_MinkUNeXt_truncated_augonly_best_effects0.5_0.1pos0.7neg0.7voxel_size0.05height-0.25_20250219_0413 + epoch_ + 180, 0.3141781586650429, 0.3051997295041162, 0.4212053177472395, 0.34686106863879956, 90.45401629802096, 91.72541743970315, 80.84200567644277, 87.67381313805562, 97.01202949165697, 99.33209647495362, 96.45222327341533, 97.59878308000863
Indoor_MinkUNeXt_truncated_augonly_best_effects0.5_0.1pos0.7neg0.7voxel_size0.05height-0.25_20250219_0413 + epoch_ + 190, 0.3082886276783145, 0.3034583816579429, 0.420940489347788, 0.3442291662280151, 90.4152114862243, 91.61410018552876, 80.98391674550615, 87.6710761390864, 97.01202949165697, 99.33209647495362, 96.49952696310312, 97.61455097657124
Indoor_MinkUNeXt_truncated_augonly_best_effects0.5_0.1pos0.7neg0.7voxel_size0.05height-0.25_20250219_0413 + epoch_ + 200, 0.31419035174708543, 0.3067165602845145, 0.42082077458625716, 0.34724256220595234, 90.37640667442763, 91.57699443413729, 80.88930936613056, 87.6142368248985, 97.05083430345363, 99.33209647495362, 96.49952696310312, 97.62748591383678
Indoor_MinkUNeXt_truncated_augonly_best_effects0.5_0.15pos0.7neg0.7voxel_size0.05height-0.25_20250219_0623 + epoch_ + 100, 0.28405510406962836, 0.3242643768100415, 0.4510247242936835, 0.3531147350577845, 89.48389600310438, 91.76252319109463, 79.94323557237465, 87.06321825552455, 97.24485836243694, 98.73840445269016, 96.49952696310312, 97.49426325941006
Indoor_MinkUNeXt_truncated_augonly_best_effects0.5_0.15pos0.7neg0.7voxel_size0.05height-0.25_20250219_0623 + epoch_ + 110, 0.3274788514594846, 0.35286678512669417, 0.5048705494826279, 0.39507206202293554, 89.25106713232441, 90.42671614100185, 79.3282876064333, 86.33535695991986, 97.20605355064028, 98.5899814471243, 96.40491958372753, 97.4003181938307
Indoor_MinkUNeXt_truncated_augonly_best_effects0.5_0.15pos0.7neg0.7voxel_size0.05height-0.25_20250219_0623 + epoch_ + 120, 0.31243751451490903, 0.32269874262780873, 0.46767324555714485, 0.36760316756662087, 88.97943344974777, 92.430426716141, 80.4635761589404, 87.29114544160973, 96.97322467986031, 99.10946196660483, 97.06717123935667, 97.71661929527393
Indoor_MinkUNeXt_truncated_augonly_best_effects0.5_0.15pos0.7neg0.7voxel_size0.05height-0.25_20250219_0623 + epoch_ + 130, 0.2816624090442949, 0.30400900036044903, 0.47874551260428594, 0.3548056406696766, 89.21226232052774, 92.72727272727272, 79.99053926206244, 87.3100247699543, 97.63290648040356, 99.14656771799629, 96.59413434247871, 97.79120284695951
Indoor_MinkUNeXt_truncated_augonly_best_effects0.5_0.15pos0.7neg0.7voxel_size0.05height-0.25_20250219_0623 + epoch_ + 140, 0.2864939416251027, 0.3127737328813568, 0.4778877063783224, 0.3590517936282607, 89.40628637951106, 91.87384044526901, 78.28760643330179, 86.52257775269395, 96.81800543267364, 98.96103896103897, 96.26300851466414, 97.3473509694589
Indoor_MinkUNeXt_truncated_augonly_best_effects0.5_0.15pos0.7neg0.7voxel_size0.05height-0.25_20250219_0623 + epoch_ + 150, 0.29229171100289203, 0.29943799340258254, 0.5027165656881425, 0.36481542336453904, 89.21226232052774, 92.57884972170687, 79.99053926206244, 87.26055043476568, 96.97322467986031, 99.3692022263451, 97.16177861873227, 97.83473517497923
Indoor_MinkUNeXt_truncated_augonly_best_effects0.5_0.15pos0.7neg0.7voxel_size0.05height-0.25_20250219_0623 + epoch_ + 160, 0.28400897048486423, 0.3057640834122352, 0.4929047958652806, 0.36089261658745997, 89.44509119130772, 92.430426716141, 80.13245033112582, 87.33598941285818, 96.93441986806364, 99.3692022263451, 97.11447492904448, 97.80603234115108
Indoor_MinkUNeXt_truncated_augonly_best_effects0.5_0.15pos0.7neg0.7voxel_size0.05height-0.25_20250219_0623 + epoch_ + 170, 0.2779469481962857, 0.3144487344119413, 0.4765857853610857, 0.35632715598977094, 89.40628637951106, 92.17068645640074, 79.99053926206244, 87.18917069932475, 96.93441986806364, 99.22077922077922, 97.01986754966887, 97.72502221283725
Indoor_MinkUNeXt_truncated_augonly_best_effects0.5_0.15pos0.7neg0.7voxel_size0.05height-0.25_20250219_0623 + epoch_ + 180, 0.2783102842474964, 0.325218014744642, 0.4587353530391274, 0.35408788401042196, 89.28987194412107, 92.20779220779221, 80.32166508987702, 87.27310974726343, 96.85681024447031, 99.14656771799629, 96.8306527909177, 97.61134358446144
Indoor_MinkUNeXt_truncated_augonly_best_effects0.5_0.15pos0.7neg0.7voxel_size0.05height-0.25_20250219_0623 + epoch_ + 190, 0.27546956791151034, 0.3269016636342801, 0.4588228858394801, 0.35373137246175684, 89.44509119130772, 92.17068645640074, 80.4162724692526, 87.34401670565369, 96.89561505626698, 99.18367346938776, 96.8306527909177, 97.63664710552415
Indoor_MinkUNeXt_truncated_augonly_best_effects0.5_0.15pos0.7neg0.7voxel_size0.05height-0.25_20250219_0623 + epoch_ + 200, 0.2760934464210356, 0.3272576830201651, 0.4577387659711364, 0.35369663180411237, 89.40628637951106, 92.20779220779221, 80.51087984862819, 87.37498614531047, 96.93441986806364, 99.14656771799629, 96.87795648060549, 97.65298135555514
Indoor_MinkUNeXt_truncated_augonly_best_effects0.5_0.2pos0.7neg0.7voxel_size0.05height-0.25_20250219_0834 + epoch_ + 100, 0.32218788127718945, 0.32776050763043785, 0.43749723832464454, 0.36248187574409063, 90.99728366317423, 91.02040816326532, 79.4228949858089, 87.14686227074948, 97.51649204501358, 99.33209647495362, 97.35099337748345, 98.06652729915021
Indoor_MinkUNeXt_truncated_augonly_best_effects0.5_0.2pos0.7neg0.7voxel_size0.05height-0.25_20250219_0834 + epoch_ + 110, 0.31007502003108667, 0.31012173645520574, 0.44783897904236303, 0.3560119118428851, 89.94955374466433, 91.7996289424861, 80.22705771050141, 87.32541346588395, 97.32246798603028, 99.51762523191094, 97.30368968779565, 98.04792763524563
Indoor_MinkUNeXt_truncated_augonly_best_effects0.5_0.2pos0.7neg0.7voxel_size0.05height-0.25_20250219_0834 + epoch_ + 120, 0.2759207070827088, 0.322518758792414, 0.4137739361258509, 0.337404467333658, 91.88979433449748, 91.61410018552876, 81.12582781456953, 88.20990744486524, 97.82693053938688, 99.22077922077922, 97.16177861873227, 98.06982945963279
Indoor_MinkUNeXt_truncated_augonly_best_effects0.5_0.2pos0.7neg0.7voxel_size0.05height-0.25_20250219_0834 + epoch_ + 130, 0.30314897500587357, 0.33190861851259157, 0.4491244384144994, 0.3613940106443215, 90.88086922778425, 92.13358070500928, 79.94323557237465, 87.65256183505606, 97.98214978657353, 99.29499072356215, 97.44560075685904, 98.2409137556649
Indoor_MinkUNeXt_truncated_augonly_best_effects0.5_0.2pos0.7neg0.7voxel_size0.05height-0.25_20250219_0834 + epoch_ + 140, 0.28685782069943455, 0.3313049980461192, 0.4545996034759186, 0.3575874740738241, 91.3465269693442, 91.83673469387756, 79.94323557237465, 87.70883241186546, 97.90454016298021, 99.18367346938776, 96.97256385998108, 98.02025916411635
Indoor_MinkUNeXt_truncated_augonly_best_effects0.5_0.2pos0.7neg0.7voxel_size0.05height-0.25_20250219_0834 + epoch_ + 150, 0.34123634855765694, 0.33151631355053607, 0.4343779683957185, 0.3690435435013038, 91.30772215754753, 91.2430426716141, 80.36896877956481, 87.63991120290882, 98.29258828094683, 99.48051948051948, 97.39829706717124, 98.39046827621252
Indoor_MinkUNeXt_truncated_augonly_best_effects0.5_0.2pos0.7neg0.7voxel_size0.05height-0.25_20250219_0834 + epoch_ + 160, 0.3215471861891379, 0.3347096882792349, 0.43059376191871046, 0.362283545462361, 91.19130772215755, 91.61410018552876, 80.93661305581836, 87.91400698783487, 98.17617384555685, 99.44341372912801, 97.39829706717124, 98.3392948806187
Indoor_MinkUNeXt_truncated_augonly_best_effects0.5_0.2pos0.7neg0.7voxel_size0.05height-0.25_20250219_0834 + epoch_ + 170, 0.3192910926715278, 0.32888619687835785, 0.4233868383845296, 0.3571880426448051, 90.91967403958091, 91.87384044526901, 80.60548722800378, 87.7996672376179, 98.05975941016686, 99.44341372912801, 97.44560075685904, 98.31625796538464
Indoor_MinkUNeXt_truncated_augonly_best_effects0.5_0.2pos0.7neg0.7voxel_size0.05height-0.25_20250219_0834 + epoch_ + 180, 0.3184765529244484, 0.33705247766757, 0.42293143049695037, 0.35948682036298957, 90.88086922778425, 91.72541743970315, 80.55818353831599, 87.72149006860111, 98.09856422196353, 99.44341372912801, 97.49290444654683, 98.3449607992128
Indoor_MinkUNeXt_truncated_augonly_best_effects0.5_0.2pos0.7neg0.7voxel_size0.05height-0.25_20250219_0834 + epoch_ + 190, 0.31907510438155445, 0.33473344365915425, 0.42963056951345113, 0.3611463725180533, 90.88086922778425, 91.91094619666048, 80.79470198675497, 87.8621724703999, 98.05975941016686, 99.44341372912801, 97.54020813623463, 98.34779375850984
Indoor_MinkUNeXt_truncated_augonly_best_effects0.5_0.2pos0.7neg0.7voxel_size0.05height-0.25_20250219_0834 + epoch_ + 200, 0.3256004314352041, 0.3344629330408072, 0.43027630146554946, 0.36344655531385356, 90.84206441598758, 91.83673469387756, 80.51087984862819, 87.72989298616444, 98.0209545983702, 99.48051948051948, 97.54020813623463, 98.34722740504144
Indoor_MinkUNeXt_truncated_augonly_best_effects0.5_0.25pos0.7neg0.7voxel_size0.05height-0.25_20250219_1053 + epoch_ + 100, 0.2673038417534287, 0.30478576471818775, 0.45270943559893345, 0.3415996806901833, 89.83313930927434, 91.76252319109463, 80.03784295175024, 87.21116848403973, 97.28366317423361, 99.62894248608535, 96.92526017029329, 97.94595527687075
Indoor_MinkUNeXt_truncated_augonly_best_effects0.5_0.25pos0.7neg0.7voxel_size0.05height-0.25_20250219_1053 + epoch_ + 110, 0.3137468751220792, 0.30750037465474545, 0.4529873199517029, 0.3580781899095092, 89.71672487388436, 91.9851576994434, 80.03784295175024, 87.24657517502601, 97.51649204501358, 99.5547309833024, 95.93188268684958, 97.6677019050552
Indoor_MinkUNeXt_truncated_augonly_best_effects0.5_0.25pos0.7neg0.7voxel_size0.05height-0.25_20250219_1053 + epoch_ + 120, 0.2785142735280268, 0.3157332369383457, 0.4335612725872493, 0.3426029276845406, 89.83313930927434, 92.13358070500928, 80.36896877956481, 87.44522959794948, 97.78812572759023, 99.25788497217069, 96.73604541154211, 97.92735203710102
Indoor_MinkUNeXt_truncated_augonly_best_effects0.5_0.25pos0.7neg0.7voxel_size0.05height-0.25_20250219_1053 + epoch_ + 130, 0.2861914613342933, 0.30043959040841256, 0.4518504659017453, 0.34616050588148367, 89.17345750873108, 92.69016697588125, 79.94323557237465, 87.26895335232899, 97.5941016686069, 99.3692022263451, 96.68874172185431, 97.8840152056021
Indoor_MinkUNeXt_truncated_augonly_best_effects0.5_0.25pos0.7neg0.7voxel_size0.05height-0.25_20250219_1053 + epoch_ + 140, 0.2726705673801607, 0.2938101405655205, 0.43905104898550135, 0.3351772523103942, 89.83313930927434, 92.61595547309834, 81.26773888363292, 87.90561122200188, 97.67171129220024, 99.51762523191094, 96.54683065279092, 97.91205572563403
Indoor_MinkUNeXt_truncated_augonly_best_effects0.5_0.25pos0.7neg0.7voxel_size0.05height-0.25_20250219_1053 + epoch_ + 150, 0.3208361062937398, 0.306766984454351, 0.4611901086807784, 0.36293106647628975, 90.6092355452076, 92.91280148423006, 80.51087984862819, 88.01097229268862, 97.74932091579356, 99.33209647495362, 96.21570482497634, 97.76570740524117
Indoor_MinkUNeXt_truncated_augonly_best_effects0.5_0.25pos0.7neg0.7voxel_size0.05height-0.25_20250219_1053 + epoch_ + 160, 0.29278179943207894, 0.3050823196203396, 0.462468969280817, 0.3534443627777452, 90.80325960419093, 92.80148423005566, 80.32166508987702, 87.97546964137454, 97.7105161039969, 99.40630797773655, 96.26300851466414, 97.79327753213254
Indoor_MinkUNeXt_truncated_augonly_best_effects0.5_0.25pos0.7neg0.7voxel_size0.05height-0.25_20250219_1053 + epoch_ + 170, 0.29640333119971873, 0.29693992499389665, 0.4380879458672693, 0.34381040068696156, 90.64804035700426, 92.80148423005566, 80.55818353831599, 88.0025693751253, 97.47768723321691, 99.48051948051948, 96.12109744560075, 97.69310138644572
Indoor_MinkUNeXt_truncated_augonly_best_effects0.5_0.25pos0.7neg0.7voxel_size0.05height-0.25_20250219_1053 + epoch_ + 180, 0.2860187271860814, 0.2957031170836209, 0.4251760008972795, 0.3356326150556606, 90.45401629802096, 92.91280148423006, 80.84200567644277, 88.06960781956461, 97.47768723321691, 99.48051948051948, 96.16840113528855, 97.70886928300831
Indoor_MinkUNeXt_truncated_augonly_best_effects0.5_0.25pos0.7neg0.7voxel_size0.05height-0.25_20250219_1053 + epoch_ + 190, 0.29200473748926264, 0.2989746807006792, 0.42945777469424595, 0.34014573096139594, 90.4152114862243, 92.80148423005566, 80.51087984862819, 87.90919185496938, 97.4000776096236, 99.48051948051948, 96.26300851466414, 97.7145352016024
Indoor_MinkUNeXt_truncated_augonly_best_effects0.5_0.25pos0.7neg0.7voxel_size0.05height-0.25_20250219_1053 + epoch_ + 200, 0.29259792082111674, 0.29454317666844143, 0.43261135395452965, 0.33991748381469594, 90.33760186263096, 92.91280148423006, 80.60548722800378, 87.95196352495493, 97.43888242142026, 99.48051948051948, 96.26300851466414, 97.72747013886796
Indoor_MinkUNeXt_truncated_augonly_best_effects0.5_0.3pos0.7neg0.7voxel_size0.05height-0.25_20250219_1306 + epoch_ + 100, 0.2711793774808849, 0.311330130037848, 0.4832618412377615, 0.3552571162521648, 89.25106713232441, 92.35621521335807, 79.3755912961211, 86.99429121393452, 98.7582460225068, 99.40630797773655, 96.16840113528855, 98.1109850451773
Indoor_MinkUNeXt_truncated_augonly_best_effects0.5_0.3pos0.7neg0.7voxel_size0.05height-0.25_20250219_1306 + epoch_ + 110, 0.2810175698770515, 0.30095279239465134, 0.5351228546471625, 0.37236440563962175, 89.67792006208771, 92.20779220779221, 77.53074739829707, 86.47215322272565, 97.7105161039969, 99.22077922077922, 95.93188268684958, 97.62105933720856
Indoor_MinkUNeXt_truncated_augonly_best_effects0.5_0.3pos0.7neg0.7voxel_size0.05height-0.25_20250219_1306 + epoch_ + 120, 0.26118621065314035, 0.29063664843543713, 0.42223192020844186, 0.32468492643233976, 88.78540939076446, 92.94990723562152, 80.70009460737938, 87.47847041125512, 97.90454016298021, 99.5547309833024, 96.21570482497634, 97.89165865708632
Indoor_MinkUNeXt_truncated_augonly_best_effects0.5_0.3pos0.7neg0.7voxel_size0.05height-0.25_20250219_1306 + epoch_ + 130, 0.27380168718939824, 0.3066631784808164, 0.4818596273981312, 0.3541081643561153, 89.25106713232441, 92.39332096474953, 78.52412488174078, 86.7228376596049, 98.09856422196353, 99.44341372912801, 96.21570482497634, 97.91922759202264
Indoor_MinkUNeXt_truncated_augonly_best_effects0.5_0.3pos0.7neg0.7voxel_size0.05height-0.25_20250219_1306 + epoch_ + 140, 0.2665282576790279, 0.2899119847486291, 0.5352903337776371, 0.3639101920684314, 89.28987194412107, 92.69016697588125, 78.240302743614, 86.7401138878721, 98.0209545983702, 99.44341372912801, 96.07379375591296, 97.84605402780373
Indoor_MinkUNeXt_truncated_augonly_best_effects0.5_0.3pos0.7neg0.7voxel_size0.05height-0.25_20250219_1306 + epoch_ + 150, 0.2759735909344882, 0.31834971137022394, 0.48226700331427813, 0.3588634352063301, 89.60031043849438, 92.83858998144713, 78.28760643330179, 86.90883561774776, 98.4478075281335, 99.5547309833024, 94.37086092715232, 97.45779981286273
Indoor_MinkUNeXt_truncated_augonly_best_effects0.5_0.3pos0.7neg0.7voxel_size0.05height-0.25_20250219_1306 + epoch_ + 160, 0.26538507888075913, 0.3150998739851134, 0.4742574227243389, 0.3515807918634038, 89.75552968568103, 92.91280148423006, 78.3349101229896, 87.0010804309669, 98.40900271633683, 99.59183673469387, 94.98580889309366, 97.6622161147081
Indoor_MinkUNeXt_truncated_augonly_best_effects0.5_0.3pos0.7neg0.7voxel_size0.05height-0.25_20250219_1306 + epoch_ + 170, 0.27088785773464596, 0.30790477479440714, 0.47103593728266846, 0.34994285660390717, 89.56150562669771, 93.17254174397031, 78.61873226111636, 87.11759321059479, 98.37019790454016, 99.51762523191094, 95.6480605487228, 97.84529456172464
Indoor_MinkUNeXt_truncated_augonly_best_effects0.5_0.3pos0.7neg0.7voxel_size0.05height-0.25_20250219_1306 + epoch_ + 180, 0.26902043840169293, 0.3094937901585043, 0.4790286822654309, 0.3525143036085427, 89.3674815677144, 93.20964749536178, 78.52412488174078, 87.03375131493898, 98.25378346915018, 99.51762523191094, 95.69536423841059, 97.82225764649057
Indoor_MinkUNeXt_truncated_augonly_best_effects0.5_0.3pos0.7neg0.7voxel_size0.05height-0.25_20250219_1306 + epoch_ + 190, 0.26890732702027714, 0.30429470848460793, 0.47468589998341854, 0.34929597849610117, 89.3674815677144, 93.28385899814471, 78.94985808893094, 87.2003995515967, 98.3313930927435, 99.51762523191094, 95.78997161778618, 97.87966331414687
Indoor_MinkUNeXt_truncated_augonly_best_effects0.5_0.3pos0.7neg0.7voxel_size0.05height-0.25_20250219_1306 + epoch_ + 200, 0.26899360657558125, 0.309388443462947, 0.47840012653369657, 0.352260725524075, 89.40628637951106, 93.24675324675324, 78.57142857142857, 87.0748227325643, 98.29258828094683, 99.51762523191094, 95.6480605487228, 97.81942468719353
Indoor_MinkUNeXt_truncated_augonly_best_effects0.6_0.05pos0.7neg0.7voxel_size0.05height-0.25_20250219_1519 + epoch_ + 100, 0.2726402159799674, 0.3120784187186609, 0.47149916045588486, 0.3520725983848377, 89.71672487388436, 91.50278293135436, 80.03784295175024, 87.08578358566298, 97.01202949165697, 99.5547309833024, 97.30368968779565, 97.95681672091835
Indoor_MinkUNeXt_truncated_augonly_best_effects0.6_0.05pos0.7neg0.7voxel_size0.05height-0.25_20250219_1519 + epoch_ + 110, 0.2929519184154752, 0.32671923566811545, 0.48542062599713304, 0.36836392669357454, 90.33760186263096, 92.05936920222635, 80.93661305581836, 87.77786137355857, 97.16724873884361, 99.33209647495362, 96.87795648060549, 97.79243389813423
Indoor_MinkUNeXt_truncated_augonly_best_effects0.6_0.05pos0.7neg0.7voxel_size0.05height-0.25_20250219_1519 + epoch_ + 120, 0.2928729785027199, 0.32910067229728224, 0.4954649998873269, 0.37247955022910967, 90.104772991851, 91.02040816326532, 80.93661305581836, 87.35393140364488, 97.47768723321691, 99.44341372912801, 96.92526017029329, 97.94878704421274
Indoor_MinkUNeXt_truncated_augonly_best_effects0.6_0.05pos0.7neg0.7voxel_size0.05height-0.25_20250219_1519 + epoch_ + 130, 0.30614612645480777, 0.3081377137935707, 0.507421225711088, 0.3739016886531555, 89.52270081490104, 91.28014842300557, 79.84862819299904, 86.8838258103019, 97.55529685681024, 99.3692022263451, 96.68874172185431, 97.87108026833657
Indoor_MinkUNeXt_truncated_augonly_best_effects0.6_0.05pos0.7neg0.7voxel_size0.05height-0.25_20250219_1519 + epoch_ + 140, 0.30598647262842577, 0.3244993677975531, 0.49458059940255295, 0.37502214660951055, 89.48389600310438, 91.9851576994434, 80.55818353831599, 87.34241241362126, 97.20605355064028, 99.40630797773655, 96.68874172185431, 97.7670344167437
Indoor_MinkUNeXt_truncated_augonly_best_effects0.6_0.05pos0.7neg0.7voxel_size0.05height-0.25_20250219_1519 + epoch_ + 150, 0.31699558164786135, 0.29978646850706087, 0.5941369998786392, 0.40363968334452044, 89.988358556461, 91.87384044526901, 79.89593188268685, 87.25271029480562, 97.20605355064028, 99.81447124304268, 96.45222327341533, 97.82424935569942
Indoor_MinkUNeXt_truncated_augonly_best_effects0.6_0.05pos0.7neg0.7voxel_size0.05height-0.25_20250219_1519 + epoch_ + 160, 0.3045660474590599, 0.2985860472320244, 0.5537712117821925, 0.385641102157759, 90.02716336825767, 92.05936920222635, 80.4162724692526, 87.50093501324555, 97.16724873884361, 99.74025974025975, 96.45222327341533, 97.78657725083956
Indoor_MinkUNeXt_truncated_augonly_best_effects0.6_0.05pos0.7neg0.7voxel_size0.05height-0.25_20250219_1519 + epoch_ + 170, 0.3037390326495822, 0.2943640588053725, 0.5075024679755162, 0.36853518647682365, 89.87194412107101, 92.20779220779221, 80.93661305581836, 87.67211646156052, 97.36127279782693, 99.70315398886828, 96.54683065279092, 97.87041914649537
Indoor_MinkUNeXt_truncated_augonly_best_effects0.6_0.05pos0.7neg0.7voxel_size0.05height-0.25_20250219_1519 + epoch_ + 180, 0.2907854772355979, 0.2944813860949897, 0.5020672045564041, 0.36244468929566387, 89.87194412107101, 92.20779220779221, 80.84200567644277, 87.64058066843533, 97.16724873884361, 99.62894248608535, 96.68874172185431, 97.82831098226109
Indoor_MinkUNeXt_truncated_augonly_best_effects0.6_0.05pos0.7neg0.7voxel_size0.05height-0.25_20250219_1519 + epoch_ + 190, 0.29054870540848954, 0.29623886676292194, 0.49289417374623407, 0.35989391530588183, 89.87194412107101, 92.09647495361781, 81.12582781456953, 87.69808229641944, 97.16724873884361, 99.62894248608535, 96.8306527909177, 97.8756146719489
Indoor_MinkUNeXt_truncated_augonly_best_effects0.6_0.05pos0.7neg0.7voxel_size0.05height-0.25_20250219_1519 + epoch_ + 200, 0.2904075113757158, 0.2957628064965028, 0.4961974512723278, 0.36078925638151543, 89.988358556461, 92.13358070500928, 81.17313150425733, 87.76502358857586, 97.16724873884361, 99.59183673469387, 96.68874172185431, 97.81594239846395
Indoor_MinkUNeXt_truncated_augonly_best_effects0.6_0.1pos0.7neg0.7voxel_size0.05height-0.25_20250219_1733 + epoch_ + 100, 0.26660589887963804, 0.2926262829257473, 0.5155613258326194, 0.35826450254600156, 89.75552968568103, 92.28200371057514, 80.27436140018922, 87.43729826548179, 97.7105161039969, 99.62894248608535, 97.16177861873227, 98.16707906960484
Indoor_MinkUNeXt_truncated_augonly_best_effects0.6_0.1pos0.7neg0.7voxel_size0.05height-0.25_20250219_1733 + epoch_ + 110, 0.2685498915938904, 0.3032041479925455, 0.5009515887226521, 0.357568542769696, 90.18238261544431, 91.94805194805194, 79.3755912961211, 87.16867528653911, 97.7105161039969, 99.62894248608535, 96.6414380321665, 97.99363220741624
Indoor_MinkUNeXt_truncated_augonly_best_effects0.6_0.1pos0.7neg0.7voxel_size0.05height-0.25_20250219_1733 + epoch_ + 120, 0.2842893366263571, 0.3118131066739482, 0.47814343497760803, 0.35808195942597115, 89.28987194412107, 91.91094619666048, 79.94323557237465, 87.0480179043854, 97.74932091579356, 99.5547309833024, 96.73604541154211, 98.0133657702127
Indoor_MinkUNeXt_truncated_augonly_best_effects0.6_0.1pos0.7neg0.7voxel_size0.05height-0.25_20250219_1733 + epoch_ + 130, 0.2640632386424605, 0.3252519359465246, 0.486616090221841, 0.35864375493694206, 89.60031043849438, 92.09647495361781, 81.07852412488174, 87.59176983899799, 97.4000776096236, 99.51762523191094, 96.73604541154211, 97.88458275102555
Indoor_MinkUNeXt_truncated_augonly_best_effects0.6_0.1pos0.7neg0.7voxel_size0.05height-0.25_20250219_1733 + epoch_ + 140, 0.26886938596070525, 0.31464355770103064, 0.41320547438476357, 0.33223947268216647, 88.6301901435778, 92.46753246753246, 81.17313150425733, 87.42361803845586, 97.24485836243694, 99.48051948051948, 96.92526017029329, 97.88354600441657
Indoor_MinkUNeXt_truncated_augonly_best_effects0.6_0.1pos0.7neg0.7voxel_size0.05height-0.25_20250219_1733 + epoch_ + 150, 0.27803008767187387, 0.2998091879911888, 0.5133321754476735, 0.363723817036912, 90.02716336825767, 92.3191094619666, 80.84200567644277, 87.72942616888902, 97.67171129220024, 99.44341372912801, 96.31031220435194, 97.80847907522673
Indoor_MinkUNeXt_truncated_augonly_best_effects0.6_0.1pos0.7neg0.7voxel_size0.05height-0.25_20250219_1733 + epoch_ + 160, 0.25346238749852906, 0.29641782275893297, 0.49980802005574426, 0.34989607677106876, 90.4152114862243, 92.65306122448979, 81.03122043519394, 88.03316438196934, 97.78812572759023, 99.5547309833024, 96.35761589403974, 97.90015753497745
Indoor_MinkUNeXt_truncated_augonly_best_effects0.6_0.1pos0.7neg0.7voxel_size0.05height-0.25_20250219_1733 + epoch_ + 170, 0.25154251652073156, 0.2989167961202049, 0.46200604925610983, 0.3374884539656821, 90.06596818005433, 92.430426716141, 80.88930936613056, 87.79523475410865, 97.47768723321691, 99.5547309833024, 96.68874172185431, 97.9070533127912
Indoor_MinkUNeXt_truncated_augonly_best_effects0.6_0.1pos0.7neg0.7voxel_size0.05height-0.25_20250219_1733 + epoch_ + 180, 0.25267266662990134, 0.298398653813568, 0.41387182445745685, 0.3216477149669754, 89.83313930927434, 92.50463821892393, 81.17313150425733, 87.83696967748521, 97.82693053938688, 99.62894248608535, 96.68874172185431, 98.0482049157755
Indoor_MinkUNeXt_truncated_augonly_best_effects0.6_0.1pos0.7neg0.7voxel_size0.05height-0.25_20250219_1733 + epoch_ + 190, 0.25224850817993827, 0.2995879390540695, 0.41519711371401796, 0.32234452031600863, 89.988358556461, 92.430426716141, 80.93661305581836, 87.78513277614013, 97.78812572759023, 99.62894248608535, 96.6414380321665, 98.01950208194735
Indoor_MinkUNeXt_truncated_augonly_best_effects0.6_0.1pos0.7neg0.7voxel_size0.05height-0.25_20250219_1733 + epoch_ + 200, 0.24872735863245737, 0.2995650629491158, 0.42102743706117257, 0.32310661954758196, 89.988358556461, 92.50463821892393, 81.07852412488174, 87.85717363342224, 97.7105161039969, 99.62894248608535, 96.68874172185431, 98.00940010397885
Indoor_MinkUNeXt_truncated_augonly_best_effects0.6_0.15pos0.7neg0.7voxel_size0.05height-0.25_20250219_1947 + epoch_ + 100, 0.29211474903424633, 0.32868528947179465, 0.4343126472579407, 0.35170422858799394, 89.56150562669771, 92.35621521335807, 79.13907284768213, 87.01893122924598, 97.55529685681024, 99.29499072356215, 96.97256385998108, 97.94095048011782
Indoor_MinkUNeXt_truncated_augonly_best_effects0.6_0.15pos0.7neg0.7voxel_size0.05height-0.25_20250219_1947 + epoch_ + 110, 0.2982965735514613, 0.32016189036350623, 0.43939769618047686, 0.35261872003181477, 89.83313930927434, 91.42857142857143, 78.42951750236519, 86.56374274673698, 98.40900271633683, 99.22077922077922, 96.45222327341533, 98.02733507017712
Indoor_MinkUNeXt_truncated_augonly_best_effects0.6_0.15pos0.7neg0.7voxel_size0.05height-0.25_20250219_1947 + epoch_ + 120, 0.2915158828547652, 0.29353563983592423, 0.4484629561936275, 0.3445048262947723, 89.94955374466433, 92.91280148423006, 79.65941343424787, 87.50725622104743, 98.09856422196353, 99.48051948051948, 96.6414380321665, 98.07350724488316
Indoor_MinkUNeXt_truncated_augonly_best_effects0.6_0.15pos0.7neg0.7voxel_size0.05height-0.25_20250219_1947 + epoch_ + 130, 0.27990814154399946, 0.3214831913972998, 0.4493938016356517, 0.3502617115256503, 89.32867675591774, 91.72541743970315, 79.3282876064333, 86.79412726735141, 98.0209545983702, 98.84972170686457, 96.59413434247871, 97.82160354923782
Indoor_MinkUNeXt_truncated_augonly_best_effects0.6_0.15pos0.7neg0.7voxel_size0.05height-0.25_20250219_1947 + epoch_ + 140, 0.27008925418677526, 0.32249435214038247, 0.426843506347742, 0.3398090375582999, 89.988358556461, 92.430426716141, 81.03122043519394, 87.81666856926533, 97.86573535118355, 99.25788497217069, 96.54683065279092, 97.89015032538173
Indoor_MinkUNeXt_truncated_augonly_best_effects0.6_0.15pos0.7neg0.7voxel_size0.05height-0.25_20250219_1947 + epoch_ + 150, 0.2884609667456633, 0.31062273403324925, 0.48239113976955617, 0.3604916135161562, 89.67792006208771, 92.54174397031541, 79.3755912961211, 87.1984184428414, 97.74932091579356, 99.40630797773655, 97.20908230842007, 98.12157040065006
Indoor_MinkUNeXt_truncated_augonly_best_effects0.6_0.15pos0.7neg0.7voxel_size0.05height-0.25_20250219_1947 + epoch_ + 160, 0.29558986767882356, 0.3158039592262315, 0.4843457045897736, 0.3652465104982762, 89.71672487388436, 92.20779220779221, 79.47019867549669, 87.13157191905776, 97.74932091579356, 99.33209647495362, 97.20908230842007, 98.09683323305575
Indoor_MinkUNeXt_truncated_augonly_best_effects0.6_0.15pos0.7neg0.7voxel_size0.05height-0.25_20250219_1947 + epoch_ + 170, 0.2905521033939216, 0.3250405803324485, 0.4791876099380574, 0.36492676455480916, 89.56150562669771, 91.87384044526901, 79.56480605487228, 87.00005070894633, 97.7105161039969, 99.25788497217069, 96.68874172185431, 97.88571426600731
Indoor_MinkUNeXt_truncated_augonly_best_effects0.6_0.15pos0.7neg0.7voxel_size0.05height-0.25_20250219_1947 + epoch_ + 180, 0.29309435520813193, 0.32684502686173084, 0.46725566540898095, 0.36239834915961455, 89.63911525029104, 91.83673469387756, 79.51750236518448, 86.9977841031177, 97.74932091579356, 99.22077922077922, 96.92526017029329, 97.96512010228871
Indoor_MinkUNeXt_truncated_augonly_best_effects0.6_0.15pos0.7neg0.7voxel_size0.05height-0.25_20250219_1947 + epoch_ + 190, 0.28710040466496595, 0.3269787316114762, 0.466747442352616, 0.360275526209686, 89.75552968568103, 91.76252319109463, 79.65941343424787, 87.05915543700785, 97.74932091579356, 99.25788497217069, 96.87795648060549, 97.96172078952323
Indoor_MinkUNeXt_truncated_augonly_best_effects0.6_0.15pos0.7neg0.7voxel_size0.05height-0.25_20250219_1947 + epoch_ + 200, 0.2877741013019596, 0.3283392403587205, 0.4743366351928997, 0.36348332561785995, 89.71672487388436, 91.72541743970315, 79.56480605487228, 87.00231612281993, 97.82693053938688, 99.25788497217069, 96.8306527909177, 97.97182276749174
Indoor_MinkUNeXt_truncated_augonly_best_effects0.6_0.2pos0.7neg0.7voxel_size0.05height-0.25_20250219_2201 + epoch_ + 100, 0.24955031655662402, 0.3529266645311848, 0.4923248426108064, 0.36493394123287176, 90.02716336825767, 90.64935064935065, 77.76726584673604, 86.14792662144812, 98.37019790454016, 98.9239332096475, 95.88457899716177, 97.72623670378316
Indoor_MinkUNeXt_truncated_augonly_best_effects0.6_0.2pos0.7neg0.7voxel_size0.05height-0.25_20250219_2201 + epoch_ + 110, 0.26608017071041656, 0.35184162803187924, 0.48797424500711195, 0.3686320145831359, 90.14357780364766, 91.1317254174397, 77.76726584673604, 86.3475230226078, 98.09856422196353, 98.84972170686457, 96.6414380321665, 97.86324132033154
Indoor_MinkUNeXt_truncated_augonly_best_effects0.6_0.2pos0.7neg0.7voxel_size0.05height-0.25_20250219_2201 + epoch_ + 120, 0.2726020386628546, 0.30834170985617215, 0.5133661876482907, 0.36476997872243916, 89.87194412107101, 92.3191094619666, 77.57805108798486, 86.5897015570075, 98.17617384555685, 99.25788497217069, 96.40491958372753, 97.94632613381835
Indoor_MinkUNeXt_truncated_augonly_best_effects0.6_0.2pos0.7neg0.7voxel_size0.05height-0.25_20250219_2201 + epoch_ + 130, 0.2710203632815084, 0.32574859226187275, 0.5039911475021317, 0.36692003434850423, 89.75552968568103, 91.42857142857143, 79.04446546830653, 86.74285552751967, 98.09856422196353, 99.33209647495362, 96.21570482497634, 97.88212184063116
Indoor_MinkUNeXt_truncated_augonly_best_effects0.6_0.2pos0.7neg0.7voxel_size0.05height-0.25_20250219_2201 + epoch_ + 140, 0.2619601361267571, 0.33024867457131546, 0.4687500043600937, 0.35365293835272205, 89.67792006208771, 92.39332096474953, 79.18637653736992, 87.0858725214024, 97.94334497477686, 99.3692022263451, 96.59413434247871, 97.96889384786688
Indoor_MinkUNeXt_truncated_augonly_best_effects0.6_0.2pos0.7neg0.7voxel_size0.05height-0.25_20250219_2201 + epoch_ + 150, 0.2795258374834654, 0.311783376966599, 0.4558627592024406, 0.34905732455083505, 89.09584788513776, 93.09833024118738, 79.51750236518448, 87.23722683050322, 97.78812572759023, 99.48051948051948, 97.16177861873227, 98.14347460894733
Indoor_MinkUNeXt_truncated_augonly_best_effects0.6_0.2pos0.7neg0.7voxel_size0.05height-0.25_20250219_2201 + epoch_ + 160, 0.27103631659833577, 0.3108938997896665, 0.44870534360274483, 0.34354518666358236, 89.17345750873108, 93.02411873840445, 79.23368022705772, 87.14375215806443, 97.82693053938688, 99.40630797773655, 96.87795648060549, 98.03706499924299
Indoor_MinkUNeXt_truncated_augonly_best_effects0.6_0.2pos0.7neg0.7voxel_size0.05height-0.25_20250219_2201 + epoch_ + 170, 0.26156106637632714, 0.31939549000371587, 0.44719492485312035, 0.34271716041105443, 89.52270081490104, 92.8756957328386, 79.80132450331125, 87.39990701701697, 98.05975941016686, 99.3692022263451, 96.59413434247871, 98.00769865966356
Indoor_MinkUNeXt_truncated_augonly_best_effects0.6_0.2pos0.7neg0.7voxel_size0.05height-0.25_20250219_2201 + epoch_ + 180, 0.2685369800342685, 0.3173838706939134, 0.4336852194797139, 0.3398686900692986, 89.63911525029104, 92.54174397031541, 80.22705771050141, 87.46930564370263, 98.29258828094683, 99.33209647495362, 96.45222327341533, 98.02563600977192
Indoor_MinkUNeXt_truncated_augonly_best_effects0.6_0.2pos0.7neg0.7voxel_size0.05height-0.25_20250219_2201 + epoch_ + 190, 0.2649966007585955, 0.314902285956331, 0.4343055516864636, 0.3380681461337967, 89.71672487388436, 92.61595547309834, 80.27436140018922, 87.53568058239064, 98.25378346915018, 99.44341372912801, 96.49952696310312, 98.06557472046045
Indoor_MinkUNeXt_truncated_augonly_best_effects0.6_0.2pos0.7neg0.7voxel_size0.05height-0.25_20250219_2201 + epoch_ + 200, 0.26522345425647204, 0.3164421753960553, 0.4312290135769193, 0.33763154774314885, 89.67792006208771, 92.69016697588125, 80.22705771050141, 87.53171491615679, 98.3313930927435, 99.3692022263451, 96.35761589403974, 98.01940373770945
Indoor_MinkUNeXt_truncated_augonly_best_effects0.6_0.25pos0.7neg0.7voxel_size0.05height-0.25_20250220_0017 + epoch_ + 100, 0.2727600648670916, 0.3134558191647404, 0.5334055674375132, 0.37320715048978176, 90.104772991851, 91.76252319109463, 78.71333964049197, 86.86021194114585, 97.55529685681024, 99.29499072356215, 95.78997161778618, 97.54675306605286
Indoor_MinkUNeXt_truncated_augonly_best_effects0.6_0.25pos0.7neg0.7voxel_size0.05height-0.25_20250220_0017 + epoch_ + 110, 0.27697556065067563, 0.31786826415248276, 0.4833724580804661, 0.35940542762787486, 89.79433449747769, 91.3543599257885, 79.75402081362346, 86.96757174562988, 97.5941016686069, 99.48051948051948, 95.78997161778618, 97.62153092230419
Indoor_MinkUNeXt_truncated_augonly_best_effects0.6_0.25pos0.7neg0.7voxel_size0.05height-0.25_20250220_0017 + epoch_ + 120, 0.2599203782230712, 0.3138244689271838, 0.485071720266656, 0.352938855805637, 89.28987194412107, 91.61410018552876, 78.47682119205298, 86.4602644405676, 97.28366317423361, 99.51762523191094, 96.26300851466414, 97.6880989736029
Indoor_MinkUNeXt_truncated_augonly_best_effects0.6_0.25pos0.7neg0.7voxel_size0.05height-0.25_20250220_0017 + epoch_ + 130, 0.273061065825396, 0.296723724922408, 0.5243268144598844, 0.36470386840256275, 89.28987194412107, 91.83673469387756, 79.04446546830653, 86.7236907021017, 97.08963911525029, 99.62894248608535, 95.97918637653737, 97.565922659291
Indoor_MinkUNeXt_truncated_augonly_best_effects0.6_0.25pos0.7neg0.7voxel_size0.05height-0.25_20250220_0017 + epoch_ + 140, 0.28814154346238163, 0.35005563122071987, 0.5031490292651295, 0.3804487346494103, 89.28987194412107, 90.35250463821892, 77.95648060548723, 85.86628572927573, 97.36127279782693, 98.99814471243043, 95.97918637653737, 97.44620129559824
Indoor_MinkUNeXt_truncated_augonly_best_effects0.6_0.25pos0.7neg0.7voxel_size0.05height-0.25_20250220_0017 + epoch_ + 150, 0.27718800884194095, 0.33219626016228426, 0.4817038748068983, 0.3636960479370412, 89.83313930927434, 90.64935064935065, 78.28760643330179, 86.25669879730894, 97.63290648040356, 99.33209647495362, 95.69536423841059, 97.55345573125594
Indoor_MinkUNeXt_truncated_augonly_best_effects0.6_0.25pos0.7neg0.7voxel_size0.05height-0.25_20250220_0017 + epoch_ + 160, 0.2773205022832927, 0.32298882293121883, 0.48358609817714354, 0.361298474463885, 89.91074893286768, 91.4656771799629, 78.1929990539262, 86.52314172225226, 97.51649204501358, 99.33209647495362, 95.6480605487228, 97.49888302289666
Indoor_MinkUNeXt_truncated_augonly_best_effects0.6_0.25pos0.7neg0.7voxel_size0.05height-0.25_20250220_0017 + epoch_ + 170, 0.27726949797625716, 0.3152273000451431, 0.5123761160695319, 0.368290971363644, 89.83313930927434, 91.39146567717997, 77.86187322611163, 86.36215940418866, 97.63290648040356, 99.22077922077922, 95.78997161778618, 97.54788577298966
Indoor_MinkUNeXt_truncated_augonly_best_effects0.6_0.25pos0.7neg0.7voxel_size0.05height-0.25_20250220_0017 + epoch_ + 180, 0.2823166113828996, 0.3142900184217867, 0.4826418988592173, 0.3597495095546346, 89.988358556461, 91.53988868274583, 78.240302743614, 86.58951666094026, 97.67171129220024, 99.25788497217069, 95.74266792809838, 97.55742139748976
Indoor_MinkUNeXt_truncated_augonly_best_effects0.6_0.25pos0.7neg0.7voxel_size0.05height-0.25_20250220_0017 + epoch_ + 190, 0.2831593058692435, 0.31358184950694395, 0.493500711922203, 0.36341395576613017, 89.83313930927434, 91.61410018552876, 77.95648060548723, 86.46790670009678, 97.67171129220024, 99.22077922077922, 95.78997161778618, 97.56082071025521
Indoor_MinkUNeXt_truncated_augonly_best_effects0.6_0.25pos0.7neg0.7voxel_size0.05height-0.25_20250220_0017 + epoch_ + 200, 0.2831818496123618, 0.3141663989249334, 0.4901257145186849, 0.36249132101866, 89.79433449747769, 91.57699443413729, 78.1929990539262, 86.52144266184706, 97.67171129220024, 99.22077922077922, 95.78997161778618, 97.56082071025521
Indoor_MinkUNeXt_truncated_augonly_best_effects0.6_0.3pos0.7neg0.7voxel_size0.05height-0.25_20250220_0232 + epoch_ + 100, 0.2967382300237471, 0.3237668411442212, 0.47584094271098176, 0.36544867129298336, 89.3674815677144, 91.57699443413729, 79.23368022705772, 86.72605207630313, 96.85681024447031, 99.07235621521335, 96.45222327341533, 97.46046324436632
Indoor_MinkUNeXt_truncated_augonly_best_effects0.6_0.3pos0.7neg0.7voxel_size0.05height-0.25_20250220_0232 + epoch_ + 110, 0.2794345913926423, 0.2927245492205973, 0.4671442268957176, 0.34643445583631904, 89.48389600310438, 92.17068645640074, 80.55818353831599, 87.40425533260704, 96.97322467986031, 99.40630797773655, 96.59413434247871, 97.6578890000252
Indoor_MinkUNeXt_truncated_augonly_best_effects0.6_0.3pos0.7neg0.7voxel_size0.05height-0.25_20250220_0232 + epoch_ + 120, 0.30763905343298853, 0.32899913797413016, 0.4609710335864927, 0.3658697416645371, 89.40628637951106, 92.430426716141, 79.28098391674551, 87.03923233746586, 97.4000776096236, 99.18367346938776, 96.49952696310312, 97.69442601403814
Indoor_MinkUNeXt_truncated_augonly_best_effects0.6_0.3pos0.7neg0.7voxel_size0.05height-0.25_20250220_0232 + epoch_ + 130, 0.3079663832626934, 0.3149522081071219, 0.47359533550150573, 0.3655046422904403, 89.21226232052774, 91.94805194805194, 78.38221381267739, 86.51417602708568, 96.66278618548701, 99.33209647495362, 96.16840113528855, 97.38776126524306
Indoor_MinkUNeXt_truncated_augonly_best_effects0.6_0.3pos0.7neg0.7voxel_size0.05height-0.25_20250220_0232 + epoch_ + 140, 0.3005709838869867, 0.2975149281840839, 0.439231762754366, 0.3457725582751456, 89.28987194412107, 92.94990723562152, 80.88930936613056, 87.70969618195772, 96.81800543267364, 99.48051948051948, 96.35761589403974, 97.55204693574429
Indoor_MinkUNeXt_truncated_augonly_best_effects0.6_0.3pos0.7neg0.7voxel_size0.05height-0.25_20250220_0232 + epoch_ + 150, 0.2879297063917338, 0.3097971347963974, 0.45676237052801333, 0.35149640390538156, 90.02716336825767, 91.72541743970315, 80.79470198675497, 87.51576093157193, 96.62398137369034, 99.33209647495362, 96.92526017029329, 97.62711267297908
Indoor_MinkUNeXt_truncated_augonly_best_effects0.6_0.3pos0.7neg0.7voxel_size0.05height-0.25_20250220_0232 + epoch_ + 160, 0.2765646430020693, 0.3032323946050526, 0.4504106941465821, 0.34340257725123463, 89.79433449747769, 91.53988868274583, 80.22705771050141, 87.18709363024163, 96.74039580908033, 99.29499072356215, 96.73604541154211, 97.59047731472818
Indoor_MinkUNeXt_truncated_augonly_best_effects0.6_0.3pos0.7neg0.7voxel_size0.05height-0.25_20250220_0232 + epoch_ + 170, 0.2846728737351562, 0.3150984861532922, 0.43813158449582235, 0.3459676481280902, 89.75552968568103, 91.39146567717997, 79.99053926206244, 87.04584487497448, 96.70159099728366, 99.18367346938776, 96.68874172185431, 97.52466872950856
Indoor_MinkUNeXt_truncated_augonly_best_effects0.6_0.3pos0.7neg0.7voxel_size0.05height-0.25_20250220_0232 + epoch_ + 180, 0.2824020021267284, 0.3070631075021598, 0.43557864852558575, 0.341681252718158, 89.71672487388436, 91.65120593692022, 80.13245033112582, 87.1667937139768, 96.77920062087699, 99.25788497217069, 96.97256385998108, 97.66988315100957
Indoor_MinkUNeXt_truncated_augonly_best_effects0.6_0.3pos0.7neg0.7voxel_size0.05height-0.25_20250220_0232 + epoch_ + 190, 0.28198449727742525, 0.30786241797102415, 0.43263788963746236, 0.3408282682953039, 89.67792006208771, 91.61410018552876, 80.03784295175024, 87.10995439978889, 96.77920062087699, 99.25788497217069, 97.06717123935667, 97.70141894413477
Indoor_MinkUNeXt_truncated_augonly_best_effects0.6_0.3pos0.7neg0.7voxel_size0.05height-0.25_20250220_0232 + epoch_ + 200, 0.28072541038797766, 0.3073395702396303, 0.4307251036024931, 0.339596694743367, 89.71672487388436, 91.61410018552876, 80.08514664143803, 87.13865723361705, 96.74039580908033, 99.25788497217069, 97.01986754966887, 97.67271611030662
Indoor_MinkUNeXt_truncated_augonly_best_effects0.7_0.05pos0.7neg0.7voxel_size0.05height-0.25_20250220_0447 + epoch_ + 100, 0.3059449998434526, 0.3203031113791549, 0.46332484539256424, 0.3631909855383906, 90.37640667442763, 91.57699443413729, 80.4162724692526, 87.45655785927251, 97.94334497477686, 99.59183673469387, 97.25638599810786, 98.2638559025262
Indoor_MinkUNeXt_truncated_augonly_best_effects0.7_0.05pos0.7neg0.7voxel_size0.05height-0.25_20250220_0447 + epoch_ + 110, 0.32008107746316106, 0.3357305636686559, 0.48231778918465257, 0.3793764767721565, 90.76445479239426, 91.61410018552876, 78.3349101229896, 86.90448836697088, 98.17617384555685, 99.18367346938776, 97.20908230842007, 98.18964320778822
Indoor_MinkUNeXt_truncated_augonly_best_effects0.7_0.05pos0.7neg0.7voxel_size0.05height-0.25_20250220_0447 + epoch_ + 120, 0.27591952457072383, 0.32938840589036716, 0.4766427005970948, 0.36065021035272854, 91.3465269693442, 91.39146567717997, 79.61210974456007, 87.45003413036142, 98.37019790454016, 99.33209647495362, 97.30368968779565, 98.3353280224298
Indoor_MinkUNeXt_truncated_augonly_best_effects0.7_0.05pos0.7neg0.7voxel_size0.05height-0.25_20250220_0447 + epoch_ + 130, 0.2857832338837411, 0.32264695232141405, 0.5378912696164092, 0.3821071519405215, 90.49282110981763, 91.2430426716141, 78.42951750236519, 86.72179376126564, 98.25378346915018, 99.07235621521335, 97.01986754966887, 98.11533574467747
Indoor_MinkUNeXt_truncated_augonly_best_effects0.7_0.05pos0.7neg0.7voxel_size0.05height-0.25_20250220_0447 + epoch_ + 140, 0.27237840403004, 0.33222026750666167, 0.5864972718109572, 0.3970319811158863, 90.25999223903764, 91.09461966604823, 79.99053926206244, 87.11505038904943, 98.09856422196353, 99.33209647495362, 96.8306527909177, 98.08710449594496
Indoor_MinkUNeXt_truncated_augonly_best_effects0.7_0.05pos0.7neg0.7voxel_size0.05height-0.25_20250220_0447 + epoch_ + 150, 0.2487195750961421, 0.31505952279484467, 0.471692757623906, 0.3451572851716309, 90.53162592161428, 92.09647495361781, 80.03784295175024, 87.55531460899412, 98.48661233993015, 99.48051948051948, 97.54020813623463, 98.50244665222807
Indoor_MinkUNeXt_truncated_augonly_best_effects0.7_0.05pos0.7neg0.7voxel_size0.05height-0.25_20250220_0447 + epoch_ + 160, 0.24603392055019466, 0.3102258201797189, 0.4717662707599859, 0.3426753371632998, 90.88086922778425, 92.09647495361781, 80.27436140018922, 87.7505685271971, 98.40900271633683, 99.40630797773655, 97.44560075685904, 98.42030381697748
Indoor_MinkUNeXt_truncated_augonly_best_effects0.7_0.05pos0.7neg0.7voxel_size0.05height-0.25_20250220_0447 + epoch_ + 170, 0.24614844236990524, 0.2983847188367458, 0.48050730707100175, 0.3416801560925509, 91.07489328676756, 92.430426716141, 80.55818353831599, 88.02116784707484, 98.48661233993015, 99.25788497217069, 97.25638599810786, 98.33362777006955
Indoor_MinkUNeXt_truncated_augonly_best_effects0.7_0.05pos0.7neg0.7voxel_size0.05height-0.25_20250220_0447 + epoch_ + 180, 0.2428999903268783, 0.301562307950572, 0.501105967473912, 0.3485227552504541, 91.11369809856423, 92.13358070500928, 79.94323557237465, 87.7301714586494, 98.56422196352348, 99.18367346938776, 97.20908230842007, 98.31899258044376
Indoor_MinkUNeXt_truncated_augonly_best_effects0.7_0.05pos0.7neg0.7voxel_size0.05height-0.25_20250220_0447 + epoch_ + 190, 0.24205070015663221, 0.302723432023595, 0.48769676894508496, 0.34415696704177073, 91.11369809856423, 92.17068645640074, 79.84862819299904, 87.71100424932133, 98.56422196352348, 99.22077922077922, 97.20908230842007, 98.33136116424093
Indoor_MinkUNeXt_truncated_augonly_best_effects0.7_0.05pos0.7neg0.7voxel_size0.05height-0.25_20250220_0447 + epoch_ + 200, 0.24183077389980032, 0.30244896012991695, 0.4890652874110624, 0.3444483404802599, 91.1525029103609, 92.09647495361781, 79.89593188268685, 87.71496991555519, 98.52541715172681, 99.29499072356215, 97.16177861873227, 98.32739549800708
Indoor_MinkUNeXt_truncated_augonly_best_effects0.7_0.1pos0.7neg0.7voxel_size0.05height-0.25_20250220_0703 + epoch_ + 100, 0.2960362665431123, 0.3308798013737606, 0.4140159074790424, 0.3469773251319717, 90.4152114862243, 91.31725417439704, 81.4096499526963, 87.71403853777254, 97.7105161039969, 99.33209647495362, 96.68874172185431, 97.91045143360161
Indoor_MinkUNeXt_truncated_augonly_best_effects0.7_0.1pos0.7neg0.7voxel_size0.05height-0.25_20250220_0703 + epoch_ + 110, 0.3150939326849929, 0.32207332837523844, 0.42871604400823105, 0.3552944350228208, 90.06596818005433, 92.09647495361781, 81.03122043519394, 87.73122118962203, 97.63290648040356, 99.44341372912801, 96.97256385998108, 98.01629468983754
Indoor_MinkUNeXt_truncated_augonly_best_effects0.7_0.1pos0.7neg0.7voxel_size0.05height-0.25_20250220_0703 + epoch_ + 120, 0.35509698500779513, 0.34488628091259094, 0.45496021954007176, 0.38498116182015263, 89.63911525029104, 91.39146567717997, 78.90255439924314, 86.64437844223805, 97.51649204501358, 99.29499072356215, 96.49952696310312, 97.77033657722627
Indoor_MinkUNeXt_truncated_augonly_best_effects0.7_0.1pos0.7neg0.7voxel_size0.05height-0.25_20250220_0703 + epoch_ + 130, 0.35246396824838505, 0.3458652021020861, 0.41770708647176835, 0.37201208560741317, 88.94062863795111, 91.16883116883116, 79.84862819299904, 86.6526959999271, 97.86573535118355, 99.33209647495362, 96.54683065279092, 97.91488749297604
Indoor_MinkUNeXt_truncated_augonly_best_effects0.7_0.1pos0.7neg0.7voxel_size0.05height-0.25_20250220_0703 + epoch_ + 140, 0.3264014826322991, 0.32890177510339913, 0.4434826887160075, 0.3662619821505686, 89.21226232052774, 92.46753246753246, 79.99053926206244, 87.22344468337421, 97.63290648040356, 99.18367346938776, 96.68874172185431, 97.83510722388189
Indoor_MinkUNeXt_truncated_augonly_best_effects0.7_0.1pos0.7neg0.7voxel_size0.05height-0.25_20250220_0703 + epoch_ + 150, 0.3215153776088718, 0.31653628103058096, 0.48448297131300117, 0.3741782099841513, 89.25106713232441, 92.05936920222635, 78.57142857142857, 86.62728830199312, 97.43888242142026, 99.40630797773655, 96.07379375591296, 97.63966138502326
Indoor_MinkUNeXt_truncated_augonly_best_effects0.7_0.1pos0.7neg0.7voxel_size0.05height-0.25_20250220_0703 + epoch_ + 160, 0.3076538357253127, 0.30807123094584427, 0.48155633998195074, 0.3657604688843692, 89.25106713232441, 92.61595547309834, 78.66603595080416, 86.84435285207563, 97.63290648040356, 99.48051948051948, 96.31031220435194, 97.80791272175833
Indoor_MinkUNeXt_truncated_augonly_best_effects0.7_0.1pos0.7neg0.7voxel_size0.05height-0.25_20250220_0703 + epoch_ + 170, 0.31670692019143826, 0.304842601163046, 0.46280162022070387, 0.3614503805250627, 89.28987194412107, 92.91280148423006, 79.28098391674551, 87.16121911503222, 97.51649204501358, 99.44341372912801, 96.31031220435194, 97.7567393261645
Indoor_MinkUNeXt_truncated_augonly_best_effects0.7_0.1pos0.7neg0.7voxel_size0.05height-0.25_20250220_0703 + epoch_ + 180, 0.32324724723674025, 0.3069983142478597, 0.4521773778289719, 0.3608076464378573, 89.21226232052774, 93.13543599257885, 79.3282876064333, 87.22532863984664, 97.55529685681024, 99.44341372912801, 96.21570482497634, 97.73813847030488
Indoor_MinkUNeXt_truncated_augonly_best_effects0.7_0.1pos0.7neg0.7voxel_size0.05height-0.25_20250220_0703 + epoch_ + 190, 0.32288636152186434, 0.30580020785169854, 0.44906092257278374, 0.35924916398211554, 89.21226232052774, 93.06122448979592, 79.56480605487228, 87.27943095506532, 97.51649204501358, 99.44341372912801, 96.16840113528855, 97.70943563647671
Indoor_MinkUNeXt_truncated_augonly_best_effects0.7_0.1pos0.7neg0.7voxel_size0.05height-0.25_20250220_0703 + epoch_ + 200, 0.32359758865910215, 0.3046465897052899, 0.44944407131999836, 0.3592294165614635, 89.25106713232441, 93.17254174397031, 79.70671712393566, 87.37677533341014, 97.51649204501358, 99.44341372912801, 96.12109744560075, 97.69366773991412
